5 0.4797459339666264 0.05790462232020547 0.34143589868825586 0.07096105313128148
5 0.48677680280520236 0.594789457604783 0.34492385979184065 0.06432347561366952
8 0.3122211519676162 0.1049531849036195 0.1729532528266988 0.044661737806834814
0 0.5145299380373326 0.14320036200226235 0.22629956399802054 0.09839262284391675
9 0.5097512492086542 0.08981369856232863 0.2180187625508026 0.04667747426215878
9 0.5470114020815935 0.621097913706011 0.2770308014472178 0.05379987093068356
0 0.526691826324116 0.6767906494855795 0.23360303482570913 0.09345080114202631
1 0.2602859574855402 0.13789381472471335 0.06736366530976462 0.028847241633301053
1 0.2696858068759085 0.6781313761086607 0.07117917503386849 0.030542997449022474
8 0.3204037562200364 0.6443477165712153 0.1780842722749064 0.0480338566722412
7 0.6729382379018588 0.26446573998614514 0.08900672365438765 0.039012080144611425
7 0.6784570678440196 0.8080075455543712 0.08644121393028371 0.03732602071190816
4 0.4838173039352324 0.20881552671768489 0.1568997819990102 0.0495356848275974
4 0.485946437359964 0.7431615764701893 0.16196529172311414 0.05124113702633717
2 0.5000779344192879 0.2722943057962921 0.189465291723114 0.0514544574527388
6 0.5183941483495715 0.2357585403003719 0.22407223337849133 0.04172595617725013
2 0.5257277838096563 0.8126579201594768 0.2231497819990102 0.050049593127565115
6 0.5228267526019919 0.7751239828189129 0.22209631117132175 0.055039896744546964
3 0.490877339213603 0.3314076423563584 0.17288774310259497 0.04299507114016819
3 0.49761341429371186 0.8757924776409358 0.1680187625508026 0.046289618941428516