5 0.505 0.056666666666666664 0.335 0.03666666666666667
5 0.505 0.5916666666666667 0.3375 0.028333333333333332
8 0.34 0.09 0.16875 0.028333333333333332
0 0.53875 0.145 0.2175 0.07666666666666666
9 0.535 0.09166666666666666 0.2125 0.025
9 0.56375 0.6233333333333333 0.27 0.025
0 0.54375 0.675 0.225 0.06833333333333333
1 0.2875 0.12 0.06375 0.021666666666666667
1 0.29 0.655 0.06875 0.023333333333333334
8 0.34 0.6266666666666667 0.17375 0.03
7 0.6925 0.2783333333333333 0.085 0.03
7 0.6925 0.8183333333333334 0.0825 0.028333333333333332
4 0.50875 0.20833333333333334 0.1525 0.03333333333333333
4 0.5025 0.7383333333333333 0.15625 0.035
2 0.52375 0.27166666666666667 0.18375 0.03333333333333333
6 0.54125 0.23833333333333334 0.22 0.02
2 0.54125 0.81 0.2175 0.028333333333333332
6 0.53875 0.7733333333333333 0.21625 0.03333333333333333
3 0.5125 0.33166666666666667 0.16875 0.025
3 0.5125 0.87 0.16375 0.03