9 0.52 0.25833333333333336 0.1275 0.02
5 0.50125 0.23833333333333334 0.0975 0.02
8 0.40125 0.25166666666666665 0.09875 0.02
0 0.5225 0.28833333333333333 0.13 0.03833333333333333
1 0.37375 0.27 0.04375 0.013333333333333334
7 0.62625 0.37 0.0725 0.015
4 0.4925 0.3283333333333333 0.075 0.018333333333333333
6 0.4925 0.3516666666666667 0.075 0.023333333333333334
2 0.52125 0.37333333333333335 0.13 0.018333333333333333
3 0.5 0.41 0.095 0.02
1 0.57375 0.655 0.025 0.11833333333333333
8 0.59875 0.7116666666666667 0.02875 0.24666666666666667
5 0.62375 0.89 0.02125 0.11166666666666666
0 0.565 0.8916666666666667 0.04875 0.09666666666666666
2 0.46 0.8983333333333333 0.02 0.10833333333333334
3 0.4075 0.8966666666666666 0.0275 0.11333333333333333
4 0.51 0.8966666666666666 0.025 0.095
6 0.4825 0.9 0.0225 0.11