0 0.1698875 0.3230434782608696 0.32386249999999994 0.05625418060200667
3 0.541475 0.25387959866220733 0.35795 0.054732441471571934
9 0.8869374999999999 0.4689799331103679 0.1375 0.062324414715719034
7 0.5840875 0.4765886287625418 0.24091250000000003 0.05016722408026756
2 0.5875 0.42185618729096996 0.24091250000000003 0.056254180602006716
4 0.46931249999999997 0.6635785953177258 0.42955 0.05625418060200667
10 0.5306875 0.6111204013377927 0.12954999999999997 0.057775919732441394
6 0.6477249999999999 0.6088461538461538 0.11363750000000003 0.05625418060200667
1 0.7483 0.6065719063545151 0.10341250000000002 0.0608026755852843
8 0.485225 0.37093645484949833 0.46136250000000006 0.054732441471571934
5 0.8795499999999999 0.37093645484949833 0.1522749999999999 0.08817725752508364