0 0.2903164049972128 0.1175 0.23023853102224917 0.041
3 0.5258804011251332 0.1065 0.23727925583092588 0.048
8 0.47610405420911284 0.154 0.27222107753281627 0.038
7 0.5443044359738486 0.2055 0.13816871706451775 0.029
2 0.5449324282296898 0.1835 0.13720362404338357 0.035
9 0.7667258952714008 0.219 0.08416289923470685 0.028
5 0.7610284224215704 0.167 0.09520944187319447 0.036
4 0.4752721045461462 0.297 0.29622689536262736 0.039
10 0.5173971878870818 0.2755 0.08918035272413954 0.031
6 0.597373916567838 0.2795 0.07419198838376155 0.033
1 0.661862280908216 0.2815 0.05918035272413954 0.031