0 0.2935 0.11091518169317635 0.235 0.04473447256523491
3 0.534 0.10221365255249122 0.242 0.05181592493951848
8 0.4835 0.15062603185230244 0.278 0.043234822864405484
7 0.5525 0.20392891954166928 0.141 0.030640683539140925
2 0.5545 0.18195219164860743 0.14 0.03662904748567189
9 0.78 0.22057612170588603 0.086 0.030000700598341267
5 0.774 0.16750630538507152 0.097 0.0371286971865012
4 0.4835 0.29612603185230246 0.303 0.044525724201132676
10 0.526 0.2761205641247385 0.091 0.03205888086568666
6 0.608 0.28057472050920346 0.076 0.03388434006365049
1 0.674 0.2828427000381631 0.06 0.032698163208145045