0 0.15444315515685908 0.3313381025984468 0.29538397676752304 0.07114924415382416
3 0.5067744380923414 0.29618519221125006 0.3423665232780902 0.06896963220545035
8 0.46927477145608354 0.3828484846785224 0.494395612427145 0.07662280207453954
7 0.5877751048198258 0.4667887870169927 0.3083025271501697 0.05737615999789102
2 0.5645540272870094 0.4291902535103417 0.2783141628097917 0.05885250805004443
5 0.8678998547970191 0.39739264130462765 0.1563665232780902 0.06572299012880194
4 0.44457796533373756 0.607302316366656 0.46932579846941347 0.06418642545133389
10 0.4943888858648815 0.5739295631202451 0.14030834497998068 0.05544370908995051
6 0.6164325195884637 0.5793000451990026 0.13029670932035878 0.05326915844066821
1 0.7294383374182746 0.578327622862114 0.12833161629922438 0.05923424831081184
9 0.8778158296285024 0.4687268181878096 0.1243665232780902 0.06516442805109898