3 0.371868150120963 0.4861962307536356 0.061850833099925694 0.2453432519588464
0 0.4016624173902302 0.7618882191373971 0.04450105089751196 0.12925016668187117
8 0.42168162296628703 0.5454900311590889 0.047269731024812814 0.2812559845116821
2 0.45204850894973386 0.47116165713851205 0.03350105089751196 0.12918617055395065
7 0.47610668921707927 0.466301285053975 0.03458250327179553 0.13619198838376156
10 0.5563099698536176 0.4922696203537569 0.034012336651810526 0.08719198838376155
6 0.5573455786123661 0.4032696203537569 0.037989064544872234 0.08521525970300536
1 0.5602415547294857 0.3262812560133788 0.04191924822405781 0.07923853102224916
4 0.5812339852068978 0.5419179750139362 0.03703700995543113 0.26119780621357247
5 0.41853897469128853 0.2139493063504122 0.06131487404200652 0.11334906978865729
9 0.4795506107447577 0.2133041939688805 0.0382217856142538 0.10521525970300535