3 0.377 0.49058055947793805 0.055 0.244960028571052
0 0.415 0.7652438519452103 0.041 0.12871565766205686
8 0.429 0.5494882228542053 0.039 0.28068074753220046
2 0.457 0.4749769646721954 0.03 0.12852365194784648
7 0.481 0.4703958862304727 0.031 0.13554110701277478
10 0.562 0.49580974648965825 0.032 0.08655856207770296
6 0.56 0.40677483635980183 0.036 0.08462838233741582
1 0.561 0.32979229142473004 0.04 0.07869820259712879
4 0.588 0.5452635781777919 0.029 0.26150619688291843
5 0.416 0.21826130701013852 0.058 0.11301239376583658
9 0.477 0.21732606597075976 0.035 0.10461092727248764