0 0.2484391543984558 0.38291955047387305 0.3215119863526397 0.045867523369316585
3 0.5828689877784707 0.33586852346054313 0.33552362240610867 0.046948972986670015
8 0.5053173261362011 0.4169118238203831 0.3734538060852943 0.041170050519486266
5 0.8982242377084484 0.4111982309360886 0.16063998294079965 0.05593085276975285
9 0.9029689451304698 0.47522150225533244 0.14847707819223252 0.04186103881202143
7 0.6231202138255678 0.4865925099082649 0.19845380608529423 0.0401519303025691
2 0.6052013159006808 0.45049069788657325 0.16651198635263972 0.04496575974861867
4 0.5441387188032833 0.6166241746084831 0.42850035029917083 0.04549003115908886
10 0.5902198208783964 0.5808947036946924 0.1414770781922325 0.04182031400334472
6 0.7302256389051309 0.5822091998682262 0.1344421700318253 0.03877958919466801
1 0.8421674586377855 0.5778607968070533 0.09947707819223252 0.041575965151284436