0 0.15056914723024714 0.35588140121635975 0.3011382944604943 0.07176280243271947
3 0.47729537586539006 0.2957867404794476 0.37042470157619983 0.07515259703005348
8 0.38731831382089177 0.37726604471136715 0.3974886977041202 0.08630967843494931
7 0.5499634262024236 0.4392143509705528 0.2784247015761998 0.07461735668744564
2 0.5401670502458069 0.4041561726724433 0.2673781589377122 0.06655336055952511
5 0.8365044843748424 0.34787825029648606 0.17745960855506565 0.08002975587653907
4 0.40053548234757613 0.597850403243626 0.37745960855506544 0.08119332183873029
10 0.4862943757741637 0.5538478276924628 0.13330834497998056 0.053773771364857115
6 0.608308920348691 0.5520576029293992 0.13932579846941348 0.056808678343722704
1 0.7238787343064226 0.5407295622725645 0.11234906978865729 0.06065159693882697
9 0.84559432737317 0.4184335196796901 0.15136070544827906 0.06287849230145434