0 0.18234046118397287 0.3166643059452498 0.3207330713685524 0.06672353711010715
3 0.5169510036919291 0.31105656583065855 0.3567447074220215 0.06814243503499415
8 0.4197004782431732 0.37443368667089194 0.3808610679567123 0.07842170031825207
7 0.5642346858052393 0.4591267324506437 0.26875634347549043 0.0681184623297147
2 0.5601419476766571 0.42407437021003286 0.2566748911012069 0.06097882968808563
5 0.850769944264817 0.41645464374280194 0.17083779584977402 0.07397812908974435
4 0.3972336349077273 0.5862009656015102 0.36281452374283596 0.0742122513558088
10 0.4860827165117998 0.5572307563335241 0.1275701666199851 0.05047777879057366
6 0.6018965396562944 0.5745805385359382 0.13460507478039244 0.05355923116485747
1 0.71382672333548 0.5818837765244754 0.10765161899426857 0.057245057721192094
9 0.8479786926289193 0.48443137163586375 0.14466325504773794 0.058675591699548134