0 0.25821368424306856 0.3819893644316046 0.3064363372358216 0.07678025592215226
3 0.5639140660078044 0.33226962035375684 0.3154421550656325 0.077832616390451
8 0.4918649478181534 0.4093478276924626 0.3524130659165778 0.07304787609345635
7 0.650161657138512 0.46126704480259356 0.23927343800111497 0.04839046132481826
2 0.627484213329278 0.43063614363184705 0.19926180234149296 0.04615774813238022
5 0.8667311377325013 0.38852951387157086 0.11830834497998058 0.053686503917692786
9 0.8845831164360642 0.4491313258932626 0.11829670932035878 0.051686503917692674
4 0.540952881992802 0.5966270835233886 0.4374130659165778 0.07354239162738758
10 0.6082172598854584 0.556519787035628 0.15326180234149298 0.04589012796107636
6 0.740185261821498 0.551787740570674 0.12427343800111476 0.04772141089655861
1 0.8596474459277268 0.5459829712330833 0.11930252715016967 0.052692321747503684