0 0.251344494055041 0.36902518014292285 0.3043432519588464 0.06076862026253048
3 0.56005102701333 0.33173037964624313 0.3133432519588464 0.06082098073082898
8 0.48212341652222473 0.40568126145659217 0.3513083449799806 0.055042058263645346
7 0.6367859823931893 0.46277949783589406 0.23820362404338336 0.03638464349500737
2 0.6164634262024236 0.43239876334701866 0.19819780621357266 0.0351519303025691
5 0.8581466878414685 0.3994937574476729 0.11627343800111475 0.047674868258070775
9 0.8717859823931893 0.46141230783031956 0.11626180234149297 0.045674868258070773
4 0.5200238466879542 0.5944543660939648 0.43628507366073677 0.051536573797576694
10 0.5887391063909595 0.5570558447519145 0.15222107753281625 0.03888431013126501
6 0.7217303796462431 0.5577820733870574 0.12323853102224916 0.041715593066747485
1 0.8407303796462431 0.5570897516395537 0.11726762017130386 0.046680686087881895