0 0.2070260745003033 0.346 0.3540472448122176 0.09
3 0.5493980779121433 0.335 0.3931170611330322 0.096
8 0.4738115081094665 0.4135 0.3259192482240577 0.079
5 0.86771295195415 0.448 0.18876797952895957 0.066
9 0.8627369246594294 0.536 0.1808843400636506 0.076
7 0.5699867495098441 0.5145 0.2678028876893668 0.069
2 0.542067851584957 0.4785 0.20168652715467603 0.059
4 0.5139121660598069 0.637 0.41381452374283595 0.07
10 0.5195747205092035 0.608 0.1505934387269233 0.051
6 0.6741794449904253 0.617 0.14265161899426856 0.056
1 0.8233016235518507 0.6275 0.14963998294079967 0.055