3 0.5366118033744219 0.3215 0.29690766337626745 0.052
5 0.8299907535037512 0.4005 0.1518552981814828 0.049
0 0.20261800025734028 0.3505 0.28590766337626733 0.052
8 0.4567551101272202 0.387 0.3708902083113392 0.051
7 0.5755467849319083 0.461 0.2168203880516262 0.047
2 0.5924969503866694 0.4295 0.25075056779191346 0.043
9 0.8527038805162623 0.47 0.11878547792176983 0.045
4 0.4597810332427201 0.589 0.36675056779191345 0.043
10 0.5236788335026966 0.5545 0.12980293298669812 0.046
6 0.6307573812948736 0.559 0.11275056779191345 0.043
1 0.7327748363598018 0.56 0.10362838233741581 0.036