3 0.5254667444177551 0.3200892676296173 0.30125676467483165 0.07374534894328667
0 0.22550165454761145 0.31634391868633066 0.2731694893501906 0.06858244970857981
8 0.4564630781843825 0.37719365520247233 0.3631345792203341 0.06710605439156586
7 0.5168546815614407 0.44105145173584603 0.1637854779217698 0.04594830625918576
2 0.5188434233794308 0.41306017848056253 0.16101239376583656 0.058930852769752844
5 0.8018172407820384 0.41620662431706285 0.16806475896062126 0.06197157757842956
9 0.7942524818214172 0.4771688084232916 0.12002984883076488 0.059692321747503684
4 0.4393473490946957 0.555612205585119 0.35725676467483164 0.07407114741270016
10 0.490853545977614 0.5269089149054776 0.11775056779191345 0.04368068608788167
6 0.5871877228607959 0.5369703354822348 0.09776802285684152 0.04456432949166265
1 0.6625568098738343 0.544909581632962 0.08189020831133893 0.051471244214687434