3 0.4903462792107074 0.31974821041372786 0.3057912516358979 0.07154899630807085
0 0.18931102075112952 0.36225157634626787 0.27574470742202145 0.06719991470399828
8 0.43004920954807513 0.3875558652323173 0.367698163208145 0.06427043162315409
7 0.5024208626607446 0.4424052971355604 0.16648871424570166 0.04393158487586811
2 0.499758308211348 0.4133703889751532 0.1626516189942688 0.05788504066199175
5 0.7842586585105187 0.37367502816037323 0.17069816320814515 0.06197812908974447
9 0.7865372231954354 0.43570993632078053 0.11967489110120687 0.05938469036282106
4 0.4439430838701708 0.5687420420878228 0.36276797952895956 0.0702122513558088
10 0.4898736178485269 0.532271482520666 0.11848871424570166 0.04337305430935203
6 0.5874317981158723 0.5284059977339018 0.09751198635263972 0.04512869718650109
1 0.6644957964099524 0.5238019738510212 0.08158180267345415 0.050942520330995875