3 0.5230790667559618 0.39341655020019367 0.23240146649334883 0.02434973651614166
8 0.48911031065244565 0.4491085385839552 0.3084712867530619 0.02879189158177428
2 0.5541913890941684 0.4727274707313376 0.1744538316881335 0.027012302387106273
5 0.7493110438991202 0.43609590283310684 0.10054110701277477 0.031581782981095555
9 0.7564557457176374 0.4850493601946192 0.0865236519478467 0.030500333363742128
2 0.5454233662373268 0.5167740133698253 0.14952365194784648 0.03086685664183233
7 0.5514695345491932 0.5427361974760541 0.16745383168813374 0.02697157757842956
10 0.5170418854584519 0.5674340036896265 0.08743637662320543 0.02550615119355325
6 0.5940855231207725 0.5644860307941829 0.0824538316881335 0.026477062044498324
1 0.6651378883155571 0.5610729648776052 0.06740146649334884 0.023389794597334004
4 0.4790967813027823 0.5931521723075373 0.2994712867530618 0.02873953111347555
0 0.2763895916912971 0.43434773633368867 0.20355856207770295 0.03318101945162402