0 0.1666146897775083 0.4090167867619485 0.25929670932035875 0.052506817921037396
3 0.498978304140693 0.34458526726471134 0.3433607054482793 0.06399551562515762
8 0.4809983331812892 0.4271870792864031 0.4433607054482792 0.06457729860625318
7 0.5306550812224429 0.4858961877958553 0.18026762017130385 0.04704720936597198
2 0.524326707201866 0.45643400368962656 0.17328507366073678 0.05000648455729527
5 0.8156088719476974 0.4062410152146385 0.133273438001115 0.04777377136485711
9 0.8232481664994181 0.46819447257615093 0.11625598451168208 0.04467486825807077
4 0.45740458117682964 0.6153179804571496 0.3933257984694135 0.05828640711570551
10 0.5051052963053075 0.5805416335411292 0.12024434885206006 0.04269813957731458
6 0.6126547478587006 0.5714162168364514 0.10527343800111476 0.04761087213015026
1 0.7036692924332281 0.5683867943236546 0.10525016668187118 0.043610872130150254