8 0.48015037973765096 0.3782452575845126 0.3941694893501906 0.06928640711570551
3 0.5227016093486089 0.2949892730728307 0.4205011355838267 0.08843767069079035
0 0.14402199740023508 0.3441971394860882 0.27718694441511876 0.06960572102782361
7 0.564284958957985 0.4427623777102033 0.2739949387009083 0.058588267538390824
2 0.5097263968802821 0.411076540519995 0.2029774836359802 0.0571752016218129
5 0.8752925509066224 0.35544430589427983 0.15792511844119553 0.053913399280319935
9 0.8794969503866694 0.42442685240484695 0.15208221402554956 0.06287849230145423
4 0.5097461231128637 0.5840939940094279 0.4420996690904776 0.06556566294663116
10 0.4976613784377685 0.5506608990522539 0.1548378431165545 0.048895945790887255
6 0.6259955553209504 0.540413307921546 0.13890766337626748 0.05280286051391181
1 0.7713471872690606 0.5310668136840521 0.16087275324641087 0.050930852769752843