8 0.48551845358065937 0.261 0.20015708140489585 0.027
5 0.708570814048958 0.27 0.07014544574527372 0.025
7 0.5637337132836646 0.298 0.11614544574527394 0.025
2 0.5476231745172565 0.279 0.09913381008565193 0.023
9 0.7267744380923413 0.305 0.07414544574527394 0.025
0 0.3483613721757636 0.234 0.18213381008565194 0.023
3 0.5322741047285993 0.219 0.17915708140489572 0.027
4 0.5111758683492973 0.374 0.22812217442603014 0.021
10 0.5410653295828891 0.355 0.07711635659621902 0.02
6 0.6170711474127002 0.356 0.06614544574527371 0.025
1 0.6870595117530781 0.354 0.054122174426030144 0.021