8 0.4674233681212311 0.2682714378186619 0.19919780621357244 0.03515774813238011
5 0.6884117324616091 0.2689856974304408 0.07015708140489574 0.027407248086766912
7 0.5452255619076586 0.30181764709340747 0.11616871706451776 0.029674868258070773
2 0.5298244650144448 0.2849078234554772 0.09915126357508484 0.02657596515128455
9 0.7077110173331311 0.30337224974912713 0.07416289923470686 0.028430519406010716
0 0.33054845146216666 0.24756848050276284 0.18116871706451776 0.030053027195782876
3 0.5131706258881967 0.22550672656226345 0.17919198838376155 0.034041391536160974
4 0.4957717711824041 0.38010272075414425 0.22616871706451774 0.030314829537275954
10 0.5248939456084342 0.3589340036896265 0.07713381008565193 0.023447972895443512
6 0.5999026723531506 0.3569976664538049 0.06615708140489573 0.02738397676752311
1 0.6689230347574889 0.353096236196849 0.05513381008565193 0.02331998063960259