0 0.17671617662584166 0.3568057231181362 0.3197156576620569 0.04656816571210141
3 0.5003620140281857 0.3141677371463219 0.34408221402554956 0.06798708727037865
8 0.43205288415856946 0.3903372264965125 0.3967854779217698 0.05191220571157419
7 0.5318659397434505 0.4565742649387625 0.19566329246727218 0.04140373766100242
2 0.5314419568860818 0.4235917200036907 0.18766329246727217 0.041264097141576715
5 0.8229481537690001 0.3895122961095794 0.13871565766205685 0.04340879896009403
9 0.8298135745486659 0.45437265559015366 0.1167854779217696 0.047024787531673266
4 0.43952696104306943 0.5921452207823021 0.39775056779191337 0.04992966077650249
10 0.4961204332506289 0.557167737146322 0.12171565766205697 0.04311206285631442
6 0.6091029781857006 0.5561953148094333 0.11371565766205685 0.042972422336888486
1 0.7041029781857007 0.5545370836412526 0.10071565766205685 0.04274550649282173