0 0.17027029456398773 0.3635 0.31765161899426875 0.056
3 0.49289282342458374 0.31 0.3348610679567123 0.074
8 0.4155143013876678 0.3855 0.36474470742202153 0.064
7 0.5653335922597263 0.444 0.26369816320814515 0.06
2 0.5211710378103298 0.415 0.179686527154676 0.059
5 0.8212412044303151 0.366 0.13869816320814515 0.06
9 0.8344266806874792 0.436 0.13260507478039243 0.052
1 0.7037921654742434 0.5335 0.08252362240610887 0.045
6 0.6056990770464906 0.5415 0.11359343872692329 0.051
4 0.41369872674732 0.5845 0.3547447074220214 0.064
10 0.49807689848506526 0.552 0.12351198635263973 0.044