3 0.49144518566519463 0.31414025713946775 0.37782615979630496 0.0775805594779381
0 0.15657864998091847 0.33980153792097895 0.31277961558242867 0.07244598025760388
5 0.8554561211203224 0.40551135583826714 0.154686527154676 0.061688079998945565
9 0.8561648694844247 0.47353753843565943 0.1246283468873305 0.05616442805109898
8 0.39157248165501324 0.3874122057115742 0.40363998294079967 0.0620343911660716
7 0.5171590514576901 0.4681202714249937 0.20060507478039244 0.05549101298564346
2 0.5081303116231881 0.42745444830817564 0.21558180267345425 0.05375283895956682
4 0.4168961893571238 0.6179009475295643 0.4695818026734542 0.05818642545133389
10 0.47287326754935627 0.5778697036330803 0.14352362240610875 0.047496074284735186
6 0.6108674495226217 0.5807785025931744 0.11468652715467602 0.060989877401816786
1 0.7158674495226216 0.5826112844106371 0.10665161899426857 0.057850236882391076