0 0.20419913966854114 0.378 0.28318617055395057 0.032
3 0.5239169749227098 0.3295 0.3042443488520603 0.042
8 0.428289316030611 0.3935 0.31921525970300535 0.037
7 0.5365743896913477 0.4425 0.17518617055395067 0.032
2 0.5458794923926807 0.409 0.17620362404338336 0.035
5 0.7925944187319439 0.36 0.12027925583092587 0.048
9 0.8209522152653176 0.4215 0.13320944187319447 0.036
4 0.44929289167300074 0.566 0.3592443488520602 0.042
10 0.5225863587147118 0.5305 0.11621525970300536 0.037
6 0.6175310893315077 0.521 0.10122107753281626 0.038
1 0.7129641842886817 0.5095 0.09019780621357244 0.034