0 0.194 0.38837134101667464 0.273 0.036588267538390826
3 0.5005 0.3350881761796169 0.293 0.047704624134609956
8 0.4095 0.3976175986924138 0.308 0.04279189158177428
7 0.513 0.4435154533069799 0.169 0.03498321323805146
2 0.523 0.41195727500887036 0.169 0.03798321323805146
5 0.7595 0.35858135825857945 0.115 0.04866905042825988
9 0.7875 0.4164184590238727 0.128 0.0367446822158023
4 0.4315 0.5649896064365728 0.346 0.049012969114590535
10 0.502 0.5280794494349004 0.112 0.03765159693882697
6 0.593 0.5175500269221035 0.098 0.03857014732147354
1 0.6845 0.5035176954944011 0.087 0.03450615119355303