0 0.0829982485041468 0.4485025755511633 0.1659964970082936 0.038994848897673365
3 0.2636361296499226 0.41643791269575847 0.1865119863526397 0.045082116344837685
8 0.22212414329728286 0.46067644371800764 0.21645380608529427 0.04025665123916633
7 0.28769360931892674 0.49729246695048457 0.12037235371101077 0.03269813957731458
2 0.26989724025463574 0.4798971878870818 0.08436071765754162 0.03148869770412034
5 0.4402637759389119 0.44740815681921936 0.08143053397835615 0.03747124421468743
9 0.45876342563974126 0.49029761805281125 0.06831417344366537 0.027395612427144896
4 0.22478599714833813 0.5756531723987639 0.2043839897644798 0.03418683728143469
10 0.2630303542711889 0.5544320948659476 0.0703258094971344 0.028407248086766913
6 0.3290827165117998 0.5495481180984245 0.07032580949713428 0.028407248086766687
1 0.38612926072567616 0.5452165017992 0.05137235371101076 0.03229670932035879