0 0.08178989139932129 0.43246579243793404 0.16357978279864258 0.032931584875868114
3 0.2591379610967522 0.4090428279821656 0.17820944187319446 0.03807121751749708
8 0.218393612244692 0.4505715678166677 0.20718035272413965 0.03340866306810051
7 0.28067835254168666 0.4882988211584855 0.11515708140489585 0.028338146148944702
2 0.2637772556484729 0.4711010082495111 0.08015708140489573 0.02793088427752673
5 0.42842851922355774 0.4470151390451755 0.07719198838376155 0.03389597611711952
9 0.44467835254168664 0.4902071339274154 0.06513962791546293 0.024756343475490553
4 0.21774783313567594 0.5615715678166677 0.19613962791546294 0.026280666479940464
10 0.25436418973189506 0.5419962837682893 0.06613962791546293 0.024767979528959587
6 0.318375825391517 0.5407409911903107 0.06613962791546293 0.024767979528959587
1 0.37338746105113885 0.5393809741311104 0.04816871706451775 0.029558530566516084