0 0.12716010235520206 0.3322866135055965 0.20566325504773783 0.06057828831028462
3 0.5593113710503002 0.3268272015545865 0.3730007005983412 0.09249328415329694
8 0.4819735752005261 0.3974918890875779 0.46000070059834136 0.09401187480205181
7 0.5850310548695302 0.48030721584011254 0.24470979926161407 0.0652590358424851
2 0.5420081330617627 0.438547920515735 0.16160507478039243 0.05481026545344298
5 0.8866477657033918 0.43256119038350593 0.14567489110120688 0.06053098441459156
9 0.9111819732654576 0.5160062945391756 0.14160507478039244 0.05446116415487859
4 0.44987291725018563 0.6204769646721955 0.4638959761171195 0.08508169506176477
10 0.5137918151750727 0.5855853612951373 0.14863998294079966 0.057583349609376
6 0.6481463645067093 0.6004330675279825 0.13161671083386137 0.05528661350559651
1 0.753047458052222 0.6107658493454453 0.1105934387269233 0.052920057142103814