0 0.10829370373009224 0.36960505430033935 0.20386106795671227 0.0751810194516239
3 0.5239155319923471 0.3395252715016968 0.30782615979630507 0.07278607375196339
8 0.4712882360025284 0.41421401760681065 0.44563998294079965 0.05758893426587508
7 0.5650736696116916 0.4822550757792295 0.2605352584595778 0.0475126357508484
2 0.5412304060343536 0.452618356778672 0.20960507478039245 0.05321592643048962
5 0.8454104145639537 0.42688988595610794 0.14661671083386135 0.05384940315239942
9 0.8561085777720989 0.4869480642542175 0.10948871424570143 0.042634143449394174
4 0.44813290077654894 0.6155656629466314 0.4295119863526397 0.04649584898889998
10 0.5122372749585999 0.581940912969438 0.13163998294079965 0.0557621357052351
6 0.6302372749585999 0.5826274168871307 0.12448871424570143 0.042721410896558606
1 0.7252489110120691 0.5841801107191713 0.10051198635263972 0.04458178298109533