3 0.5197995217568269 0.37849808597049617 0.3256516189942686 0.061672896101670746
0 0.18252677509864457 0.4350982740247586 0.2985701666199851 0.05420160934860883
8 0.4462362240610881 0.45769768363334395 0.3835701666199851 0.05568528986750732
7 0.5284460233227022 0.5201202714249937 0.16251198635263972 0.04682772051837128
2 0.5330736696116916 0.48820754674963474 0.1845934387269233 0.05421173194679204
5 0.8391140454996627 0.4540575241501334 0.13361671083386137 0.055321523635452875
9 0.8528063906810732 0.5137844399942003 0.11750035029917058 0.04504224259660145
4 0.4835052544875596 0.6533086109058315 0.4184538060852943 0.046296217139994954
10 0.522092174589407 0.618489358438032 0.1294072618714181 0.03725170337573991
6 0.639068902482469 0.6185316010346334 0.11145380608529422 0.04093751220703234
1 0.7414350878675745 0.6088207451897758 0.10545380608529421 0.04083278181746278