0 0.1490071512847796 0.34585522098221044 0.2552908914905478 0.05148354660179359
3 0.5237628024327194 0.3060369071613187 0.3233490697886573 0.061879159028938605
8 0.4242049574983521 0.38145512418022315 0.3432210775328163 0.03999551562515762
7 0.5825831164360642 0.4473743412903541 0.2512327131924383 0.04146027528254979
2 0.5393678567330589 0.41012417460848305 0.17125016668187118 0.04399484889767336
5 0.850210775328163 0.3849335196796901 0.1423025271501697 0.05282613183315561
9 0.8675889342658752 0.4500324227864763 0.1292908914905479 0.05075050004561331
4 0.43632779865186644 0.5745191203081437 0.37122689536262726 0.041158414859864476
10 0.5181532637575379 0.544996182352642 0.11922689536262715 0.03969232174750369
6 0.6301416280979159 0.5436477792914691 0.11724434885206028 0.0426806860878819
1 0.736129992438294 0.5422644692514302 0.09324434885206029 0.04254105817241884