0 0.146082783072322 0.3596755916995482 0.2482792558309259 0.05088574126033302
3 0.5098442520500728 0.322911115162295 0.3153432519588464 0.06266535684276164
8 0.4132805892858945 0.39678241797579383 0.33421525970300536 0.04088644185867429
7 0.5676412947341737 0.46057437021003284 0.24422689536262715 0.04183919704645666
2 0.5254376706907904 0.4250856559643313 0.16724434885206027 0.04394322092933715
5 0.8292805892858944 0.401623016218933 0.13829089149054788 0.05160577537873371
9 0.8456529303937956 0.4658091930744384 0.12627925583092586 0.04946614273710463
4 0.4253743412903541 0.5849104145639538 0.36222107753281624 0.042212251355808576
10 0.5051998063960255 0.5558412988414805 0.11622107753281626 0.03934978220241374
6 0.6141881707364035 0.5551096286696108 0.11423853102224917 0.04232651009547567
1 0.7171765350767817 0.5543081421769265 0.09123853102224916 0.04205888086568666