0 0.25174134148948135 0.3659399128782114 0.38567489110120695 0.06023986447721779
3 0.5948340796180633 0.3329383374182746 0.39977961558242875 0.06932131409457122
8 0.4882300557351829 0.4093129207135969 0.254674891101207 0.05947772877198258
7 0.6310271253978152 0.47863905254675254 0.2435934387269233 0.052413732644062176
2 0.5951373176066008 0.44493251958846364 0.20554689451304695 0.04819265511124581
5 0.9274259419987189 0.41187858366022817 0.14514811600256233 0.06586103881202143
4 0.5781329007765489 0.6163219808220556 0.4006516189942688 0.05832713192438223
10 0.5641790946912546 0.5772434401196076 0.14853525845957802 0.04686103881202144
6 0.6921790946912547 0.5779881223354099 0.12248871424570143 0.042709775236936594
1 0.8191383685041128 0.5752269867214012 0.13863998294079966 0.05580286051391181
9 0.9343710210439112 0.4799193084689049 0.1312579579121775 0.04879122485428991