0 0.223 0.375797376047843 0.384 0.0732340466474069
3 0.563 0.33077543818356786 0.4 0.08332713192438211
8 0.459 0.4106703838832285 0.254 0.0684777287719827
7 0.6025 0.4750052424611006 0.243 0.060413732644062065
2 0.566 0.44279289167300073 0.205 0.05519265511124581
5 0.899 0.3992302290000489 0.15 0.06987267447164322
4 0.554 0.6137230777152692 0.4 0.07232713192438223
10 0.539 0.5751358102681049 0.149 0.051866856641832326
6 0.666 0.5723746746540962 0.122 0.04670977523693659
1 0.7925 0.5656106301251821 0.139 0.06080867834372293
9 0.9195 0.4663494945111734 0.156 0.05390758145050904