0 0.2824611641548787 0.13937100765293253 0.15452365194784648 0.03089594579088714
3 0.5096295179212426 0.11904745137094017 0.19457601714263115 0.03412865898332535
8 0.4669586335053329 0.16680052696771674 0.25761092727248763 0.036495182261415494
7 0.527691746232318 0.20845145717905939 0.1244887418179901 0.028721410896558497
2 0.5118339174012896 0.1880416335411292 0.09152365194784648 0.03052942251279694
5 0.7116331841546151 0.17537806757893812 0.09368074753220049 0.03954105817241884
9 0.7219099345439207 0.21982279819573405 0.07057601714263115 0.03340724808676686
4 0.45466669921875236 0.29338488549997555 0.24354110701277476 0.03241373264406207
10 0.5028001428552599 0.2721027207541442 0.07245383168813362 0.026418883746388816
6 0.5738525080500444 0.2746896548375664 0.06752365194784671 0.030389794597334003
1 0.6369136007772933 0.27782313155947624 0.0584887418179901 0.028337434129035388