3 0.45403792379377667 0.3458293124888408 0.41173307136855225 0.0677824179757938
0 0.17554920954807512 0.38459448962443527 0.27663998294079967 0.05821155075746742
8 0.5226652197835954 0.4216380182049422 0.5067912516358979 0.07388784305535682
5 0.862769944264817 0.4165942763844309 0.15662834688733074 0.055815224341177215
7 0.5452165311266942 0.5464172834882002 0.32066325504773796 0.06072353711010692
2 0.6162634256397412 0.5002376252577707 0.2205934387269233 0.05355993176319862
4 0.585779828822433 0.6274001797071672 0.6496981632081451 0.06755179870143593
10 0.49871618082752367 0.5888820250286224 0.20554689451304695 0.049385390961162554
6 0.6833732675493563 0.5775288768936684 0.15957016661998524 0.05085013250158454
1 0.87582672333548 0.5837688171864672 0.15161671083386136 0.05475704407383182
9 0.8865190685168904 0.524385177721158 0.16581452374283595 0.07191994882239897