0 0.21550124209619465 0.42696334034373956 0.3524712442146874 0.08509589082111779
3 0.5449550328214492 0.3451350787524107 0.32139561242714487 0.07173517316357618
5 0.8706437789265631 0.3948417253214891 0.1563607054482793 0.06381522434117722
8 0.46841397464903034 0.43901941881606116 0.3614247015761998 0.07720061530233965
7 0.5760969029243334 0.4922627250414 0.17330834497998057 0.055013037250151685
2 0.5817918002230004 0.45869872674732004 0.18131998063960236 0.0571061256779044
4 0.5157591354315557 0.6369550702228105 0.4314130659165778 0.0760151390451756
10 0.567974395134561 0.5993499954424181 0.12726762017130386 0.04747777879057367
6 0.6760762071562528 0.580593301667757 0.115285073660737 0.050338146148944815
1 0.774619840879835 0.5719471504010522 0.087285073660737 0.050012336651810305
9 0.8942568932441345 0.46106246003823104 0.12030252715016967 0.053396326416290094