0 0.18847953028642694 0.342 0.1995352584595779 0.046
3 0.5464268177466454 0.2945 0.30162834688733076 0.054
8 0.46022970543601227 0.3635 0.3155352584595778 0.046
8 0.4562064333290741 0.3615 0.31158180267345414 0.05
7 0.5888289621896702 0.415 0.17641889792488702 0.036
2 0.5824798805855976 0.385 0.18548871424570165 0.042
5 0.8414562581794887 0.34 0.13354689451304694 0.047
9 0.8670904230935539 0.3945 0.10943053397835616 0.037
4 0.5188009229535093 0.5415 0.40952362240610884 0.045
10 0.5678878430553568 0.506 0.11634908160407258 0.03
6 0.6728180267345424 0.5 0.09448871424570143 0.042
1 0.7637249383067897 0.492 0.08348871424570144 0.042