3 0.5021033874816285 0.326 0.3273141628097916 0.054
0 0.1737979514165534 0.3785 0.30131416280979156 0.054
8 0.4091583235010905 0.4025 0.32923271319243813 0.04
7 0.5127859823931893 0.4665 0.16126180234149295 0.045
2 0.5244954242663836 0.4305 0.17024434885206027 0.042
5 0.7956903215650507 0.397 0.13635488761846817 0.061
9 0.822820889372055 0.4605 0.12125598451168207 0.044
4 0.41800639319852134 0.6005 0.32326762017130384 0.046
10 0.501742015305865 0.56 0.12622107753281625 0.038
6 0.609736197476054 0.561 0.10027343800111475 0.047
1 0.7117623777102032 0.5565 0.09727343800111475 0.047