3 0.531382067943844 0.3296612903118803 0.3354188837463887 0.07589807791214344
0 0.19302460477421246 0.35022248621259516 0.30941306591657786 0.07459554052194721
8 0.4312922249455164 0.3989918669382373 0.33633161629922437 0.06090971396561247
7 0.5312227443515272 0.47414965425841127 0.16631416280979147 0.055931584875868114
2 0.5465191203081436 0.43933001308718206 0.17430252715016967 0.054024673303620714
5 0.8249522152653176 0.4310706539783221 0.14140143025695578 0.07064068353914092
9 0.8463449187775571 0.4988150111011729 0.12629670932035877 0.052466142737104746
4 0.4254616087375184 0.5999104145639538 0.3313723411079011 0.06785153369826707
10 0.5127696203537568 0.5679285692424986 0.12926180234149295 0.046501050897511956
6 0.6228248897369609 0.578708535124098 0.10430252715016967 0.05321014956078488
1 0.7263568878009212 0.5854128666581482 0.10130252715016969 0.053175241400377674