0 0.173 0.3815197262325817 0.346 0.06303945246516332
3 0.5285 0.322225001814563 0.386 0.078737655062292
8 0.4455 0.4137762314255209 0.385 0.06672019999736381
7 0.602 0.483007949086787 0.284 0.056957238439613776
2 0.5565 0.4437137436325531 0.186 0.05124664207664841
5 0.8885 0.4100088251887213 0.153 0.05467062493401727
9 0.8945 0.46961355557829065 0.114 0.06498987740181679
4 0.469 0.6301864254513341 0.433 0.061558043113918305
10 0.5435 0.5869868277884863 0.139 0.05042625402502222
6 0.6715 0.5867210760992981 0.13 0.050269158440668205
1 0.7715 0.57896658259212 0.094 0.06364077610325239