0 0.4947892246718369 0.3828914614160448 0.2972792558309259 0.04972789545385376
0 0.19353033124524946 0.4256402946429473 0.2412210775328163 0.03940209698444028
8 0.4524488816278961 0.4411471125639847 0.3622676201713039 0.04810605439156575
5 0.7690186955856275 0.43098845569915206 0.12827925583092564 0.0487446822158023
2 0.5548470696062044 0.4592434401196076 0.24424434885206006 0.043419550473873074
7 0.5236783525416866 0.48806308739546794 0.18121525970300537 0.03805302719578299
9 0.7687161684354578 0.48298845569915205 0.11124434885206029 0.042645779109016076
4 0.4575878428158746 0.5891820195428504 0.37425598451168207 0.04617586834929739
10 0.48875074205058144 0.56136237226699 0.10820944187319435 0.036628325619583166
6 0.5827652866251087 0.5594092482692198 0.09022689536262715 0.039523604682985936
1 0.6577856490294473 0.5563455855050415 0.07621525970300536 0.037442155065632504