0 0.16154387887967755 0.3877595548062699 0.31463998294079965 0.06048089038746025
3 0.5357700813239834 0.3147139054581883 0.3746516189942688 0.06252819428315343
9 0.9040736696116914 0.46331662416199654 0.14561671083386135 0.05553098441459156
7 0.5887714825206659 0.48582369714684914 0.25255853056651606 0.05239867636191082
2 0.5897827682749643 0.4437975145494568 0.25261671083386134 0.057398676361910816
4 0.47551689054102864 0.6378310296135942 0.45069816320814504 0.0678547792176978
10 0.5375165402418581 0.5937400880555807 0.13658180267345416 0.052373888830237546
6 0.659440905894309 0.5851105701343381 0.11955853056651608 0.050077152726457824
1 0.764376907600229 0.5777777883168751 0.11058180267345415 0.05192005714210381
8 0.4808638703500774 0.4096913890941684 0.4826981632081452 0.06841334129540087
5 0.8926951475747756 0.38799990234374276 0.16187270401018145 0.07781026545344298