0 0.5061201737687365 0.36848163777811466 0.3071520342852624 0.06778025592215227
0 0.19903795974318697 0.4287013818559623 0.2489076633762673 0.05344282179311699
8 0.46504668727565107 0.4297489245856764 0.3741520342852624 0.06817005051948627
5 0.7890528841585694 0.40263099252952045 0.1349774836359802 0.05677958919466801
2 0.5713197714315843 0.4433685234605431 0.2529949387009083 0.0584660931123608
7 0.5402699368863454 0.474691079651309 0.1878378431165545 0.04908793417464858
9 0.7921190381849098 0.45615426384876423 0.11687275324641086 0.05067486825807077
4 0.4769022449390261 0.5813332831179353 0.38513457922033423 0.06723404664740679
10 0.5074433519518009 0.5505078180122639 0.11273311272698515 0.04265159693882697
6 0.6045742649387625 0.5435721475039266 0.0957854779217696 0.04555269383204086
1 0.6802051779257241 0.5365113936546536 0.08073311272698515 0.042465426384876534