0 0.1509520545894411 0.38878031618076997 0.3019041091788822 0.07356063236153988
3 0.5134859118523364 0.30801583964351675 0.3718610679567123 0.07831697583703044
9 0.8819266806874791 0.44632117942707805 0.146686527154676 0.060698863806486314
7 0.5700368728962647 0.4761965487714582 0.25169816320814514 0.06292064942074034
2 0.5700314051687009 0.4336907307447237 0.2527563434754904 0.06793228547420938
4 0.46223910263529117 0.6294631271037352 0.446954156384465 0.08718967984721167
10 0.5232801791216036 0.5836671083386149 0.13766325504773771 0.05859413932526468
6 0.6429256297899671 0.5725576167281705 0.12061671083386159 0.054396326416290094
1 0.7460536263781271 0.5627561302354861 0.11163998294079966 0.05629160193506823
8 0.461386304799508 0.4019224009165935 0.4789657924379341 0.08856203355822254
5 0.8682993846976604 0.3711524566517763 0.16294252033099588 0.08288504066199175