0 0.4935 0.3847423923869933 0.301 0.0635024520941945
0 0.1925 0.4367399402927988 0.244 0.04983919704645666
8 0.4525 0.44426531419476084 0.365 0.0622471595162159
5 0.772 0.42498303327813336 0.131 0.05452432300445002
2 0.558 0.45949291783574925 0.247 0.05387410520686399
7 0.527 0.49013220017820763 0.184 0.04614103383831161
9 0.7745 0.4780121234118061 0.113 0.048314874042006524
4 0.465 0.5929107648631243 0.377 0.061386792157844865
10 0.495 0.5642598464671968 0.11 0.04027996588159931
6 0.59 0.5598652715467599 0.092 0.044070516919155804
1 0.6645 0.5542321575302067 0.078 0.039907612170588434