0 0.162 0.3725575115706253 0.324 0.050884976858749494
3 0.536 0.312381643221328 0.363 0.04911187222137687
9 0.8885 0.46583085821296616 0.14 0.048814496173533714
7 0.5825 0.4791111141351185 0.245 0.04242536830368408
2 0.585 0.43809656956059106 0.245 0.04842536830368408
4 0.468 0.6237772556484729 0.436 0.053536573797576696
10 0.5295 0.5824194591150993 0.132 0.04676795353504622
6 0.6485 0.5777271373675954 0.116 0.045674868258070773
1 0.7505 0.573133718726878 0.106 0.04761668995996115
8 0.4805 0.40170453277583595 0.468 0.05172274435152713
5 0.8805 0.3923774008514538 0.155 0.07090176362069815