0 0.1569891520703465 0.3710749650600581 0.313978304140693 0.050826798560639985
3 0.5341121142263451 0.3213816432213279 0.3742908914905479 0.05217586834929727
9 0.8910969029243333 0.4937988601490059 0.14429089149054788 0.05083776749277763
7 0.5750939940094277 0.4961372943692678 0.25225016668187117 0.04446609311236079
2 0.5793441606912988 0.453114023050024 0.25227925583092586 0.0494660931123608
4 0.4517591354315557 0.6403499785211099 0.45030252715016966 0.05461802341492989
10 0.5164889397090884 0.6004747284983032 0.136273438001115 0.04779122485428979
6 0.6384889397090885 0.5997649532613667 0.11926762017130386 0.046692321747503686
1 0.7434889397090884 0.5991540811312164 0.10927925583092588 0.04863414344939406
8 0.47308269171354805 0.4127336219248907 0.4822967093203587 0.05380419396888055
5 0.8850419669048712 0.41733667604277713 0.16041888374638893 0.07293085276975285