0 0.5083577020241722 0.36863542905158136 0.2966748911012069 0.06144427182684899
0 0.21248023088476825 0.42558551890516494 0.240546894513047 0.0497926528325803
8 0.46954422917884825 0.42809505316361013 0.3606748911012069 0.06218897924887051
5 0.7832765999490593 0.4014413323743176 0.12961671083386136 0.054501050897511956
2 0.5717013159006809 0.44040817570976354 0.2435934387269233 0.053827560992987626
7 0.543056215531488 0.471245621260367 0.18150035029917058 0.045106125677904285
9 0.7853816747294515 0.45342387829411396 0.11153525845957801 0.047291601935068456
4 0.4822489110120691 0.5744670565754502 0.37166325504773773 0.06131697583703044
10 0.5119056474347311 0.5446179749713776 0.10845380608529422 0.04025669377466102
6 0.6058416491406511 0.5380241859452838 0.09148871424570143 0.04305888086568666
1 0.6782718328198366 0.5311805720687751 0.07745380608529422 0.039895976117119515