0 0.5025782996817478 0.3770503602858456 0.2925003502991706 0.04469880630479906
0 0.20575249018461347 0.40677534682479394 0.2363839897644798 0.03437300783538535
8 0.45793249871421365 0.43280634479752766 0.3564421700318252 0.04007114741270015
5 0.7688801364736028 0.43549699972632056 0.12652362240610887 0.0457330465561804
2 0.5571706875111593 0.4547274707313376 0.2404421700318253 0.03939627915462927
7 0.5258623320942285 0.4814078234554772 0.1773839897644798 0.03402975587653907
9 0.766292515773414 0.4860086353859425 0.1094654421387636 0.04063414344939406
4 0.45474527096119643 0.5778150715422441 0.367418897924887 0.03813514354062045
10 0.4875536263781271 0.5511259920733881 0.1063839897644798 0.03361668995996115
6 0.5795245362444543 0.5530907517307802 0.0894421700318253 0.038517786853175036
1 0.6525187182177199 0.5531660501545805 0.07540726187141808 0.03543633723582161