0 0.18197953028642694 0.3388929984427773 0.3297679795289596 0.0717427163613836
3 0.5606828109229652 0.3067775288349828 0.36476797952895956 0.07235364363387112
9 0.9003587529216841 0.48788644442170936 0.14265161899426856 0.05847861921980689
7 0.5946667580394441 0.47671896675727987 0.24662834688733073 0.05829394597234159
2 0.6001954978739463 0.4361142363677105 0.24669816320814517 0.06429394597234159
4 0.4707201711775671 0.6124095774057712 0.43784943190324316 0.08062786337363105
10 0.5348070912794145 0.5757837257179012 0.1346167108338616 0.055338978700381174
6 0.6528827256269635 0.5802240280563715 0.11859343872692352 0.05305969766152975
1 0.754952541947778 0.5844436114336933 0.10860507478039244 0.05388514701224744
8 0.4986718754678375 0.3928771979254605 0.46984943190324313 0.081186425451334
5 0.8979918669382373 0.4134126270191017 0.15890761217058866 0.08075790025865831