0 0.15621950207287946 0.3815 0.3082850736607368 0.049
3 0.5288762501140332 0.3225 0.3742908914905479 0.05
9 0.8938158296285024 0.484 0.14429089149054788 0.05
7 0.5778769168415174 0.4945 0.25225016668187117 0.043
2 0.5796325679894573 0.4525 0.25227925583092586 0.048
4 0.46124668239825517 0.644 0.45030252715016966 0.052
10 0.5244994246312897 0.6015 0.13627343800111474 0.047
6 0.6459761533120458 0.5975 0.11926762017130386 0.046
1 0.750952881992802 0.5935 0.10927925583092588 0.048
8 0.471911490456641 0.4145 0.4822967093203588 0.051
5 0.8838707656479644 0.4075 0.16041888374638893 0.072