0 0.5144217003182522 0.3740656127307668 0.3005119863526397 0.04749081604072535
0 0.2103755064035465 0.4166087910121031 0.24239562581794888 0.036815924939518484
8 0.47109077339272454 0.43207759908340654 0.3654538060852943 0.043247159516215904
5 0.7910151390451755 0.42185406197329944 0.12953525845957778 0.04750105089751196
2 0.5748176764353716 0.4503732675493563 0.2464421700318253 0.040862469153394844
7 0.5436609400127097 0.4802398032336324 0.18339562581794872 0.03612939778484247
9 0.790631849879037 0.47486569802676853 0.11247707819223252 0.04230323798853749
4 0.4763245453596181 0.5810368728962646 0.3764421700318253 0.04237515610437595
10 0.5085045538892183 0.5531587011585195 0.10939562581794894 0.03526832982813039
6 0.6034987358624837 0.5515532760789565 0.09145380608529421 0.04005888086568666
1 0.678469645728811 0.548180572068775 0.07740726187141808 0.03589597611711952