0 0.5093037692463643 0.3775 0.2953374341290355 0.058
0 0.20872813745882196 0.3905 0.23826180234149297 0.045
8 0.46149542426638374 0.4305 0.3583374341290354 0.058
5 0.7743761587552591 0.451 0.12930252715016968 0.052
2 0.560332525031677 0.4585 0.2422967093203588 0.051
7 0.5271841703714977 0.484 0.1802501666818712 0.043
9 0.7685736316050895 0.503 0.11126762017130386 0.046
4 0.4511489300288897 0.576 0.3703316162992244 0.057
10 0.4862856490294472 0.5525 0.10722689536262715 0.039
6 0.5787420153058649 0.56 0.09024434885206029 0.042
1 0.6517187439866211 0.564 0.07622689536262715 0.039