0 0.48971950207287945 0.3843361920328407 0.2983723411079011 0.06573371328366466
0 0.19207148077644226 0.443102478749176 0.24229670932035874 0.05240791481425117
8 0.4505743896913477 0.445106387755308 0.3633723411079011 0.06611187222137675
5 0.76690567262683 0.4179477308904754 0.13031998063960237 0.055756317875424205
2 0.5546442036490792 0.45771144205564734 0.2453199806396026 0.05642536830368408
7 0.5258216474583134 0.4880427249911296 0.18227343800111498 0.048058845025593884
9 0.7697140176068107 0.47096227546500274 0.11327343800111499 0.047657414768637975
4 0.46592961067355815 0.5921907462875667 0.3743665232780902 0.06517586834929716
10 0.49525798469413496 0.56286237226699 0.10923853102224916 0.041634143449394284
6 0.5892143509705527 0.55590924826922 0.09225598451168207 0.044535240342607724
1 0.6626736261618762 0.5493368587603251 0.07823271319243805 0.04045379072525452