0 0.1721351435406206 0.3679890310678624 0.3232443488520601 0.0438791590289386
3 0.5428384342202619 0.3191474459277268 0.3572385310222492 0.04307696524251105
9 0.8897751048198256 0.4821604150423174 0.13726762017130387 0.04679704268410092
7 0.5868041939688804 0.4853976126095979 0.24121525970300536 0.038402096984440276
2 0.5905714807764423 0.4454208839288417 0.24124434885206006 0.04340209698444028
4 0.47261869014241426 0.624728562181338 0.43024434885206003 0.04450166681871087
10 0.534391794779787 0.5860892676296173 0.13025016668187117 0.0437563178754242
6 0.651380159120165 0.584769953717499 0.11324434885206028 0.042657414768637866
1 0.7513685234605432 0.5833517366985945 0.10326180234149297 0.045599236470528465
8 0.48735040324362594 0.40682164745831334 0.46123853102224915 0.04368201954285041
5 0.881350403243626 0.40911387240382974 0.1523839767675231 0.06688431013126524