0 0.5145550275748096 0.3910591786977449 0.2986167108338616 0.058201609348608824
0 0.21134557861236614 0.403770294024495 0.2415003502991707 0.047206670647700434
8 0.46742086266074456 0.4447475181785828 0.36260507478039244 0.058318733504014744
5 0.7837405038319737 0.4657720462283637 0.12959343872692353 0.05325170337574014
2 0.5676125072438137 0.4730017522038687 0.24454689451304693 0.05125903584248499
7 0.5338099698536176 0.49841700752877344 0.18146544213876337 0.04315936675200737
9 0.7781237929981122 0.5186847709037226 0.11251198635263972 0.04595496727196041
4 0.45869872674732004 0.5926253327240854 0.37458180267345415 0.05652819428315343
10 0.49249544611078167 0.5677100773991806 0.10944217003182519 0.03990260207717574
6 0.5859256297899672 0.5753421259699689 0.09147707819223251 0.042588410908467725
1 0.65989072162956 0.579633800774657 0.0774421700318253 0.0393440399994729