0 0.1615 0.3843792226352572 0.323 0.06275844527051436
3 0.53 0.3181671083386149 0.362 0.06421225135580869
9 0.887 0.46482117942707807 0.14 0.05462904748567189
7 0.583 0.4832838191724763 0.245 0.05285083309992569
2 0.5835 0.44228963719921094 0.245 0.0578508330999257
4 0.4745 0.6290213073710806 0.435 0.07006168325905174
10 0.5345 0.5877194705792258 0.132 0.05253595905791917
6 0.651 0.5805750708083741 0.116 0.04934978220241373
1 0.753 0.5747619482622208 0.106 0.05123342166772318
8 0.479 0.40857366961169156 0.466 0.07042240091659346
5 0.8755 0.3921873648121836 0.156 0.07581522434117721