0 0.4985782996817478 0.3741470651050504 0.2905003502991706 0.04637445550603456
0 0.20363612964992261 0.4155738828516959 0.2343839897644798 0.03572283651176576
8 0.45493249871421365 0.4301474154042211 0.3544421700318252 0.042119162928055974
5 0.7650023150350281 0.4205402388288048 0.12552362240610887 0.0464545066836356
2 0.5547055956715665 0.4484838100573125 0.23943053397835615 0.03978101677911127
7 0.5238739681476976 0.47733870968811964 0.1763839897644798 0.035047945410558896
9 0.7638972402546358 0.47254605685553935 0.1084654421387636 0.04125669377466113
4 0.45674527096119644 0.5751066892170793 0.365418897924887 0.04024715951621602
10 0.48856526243159615 0.5472401535328031 0.1053839897644798 0.034221785614253805
6 0.5805710804583307 0.5456696366136473 0.08843053397835615 0.03802397270527945
1 0.6536001705920035 0.5423202047104041 0.07539562581794894 0.03487270401018122