0 0.1687762496498886 0.36845703300390215 0.32963998294079966 0.056914066007804305
3 0.5465082701209291 0.3046590815873487 0.37063998294079964 0.05715259703005347
9 0.9117944043284335 0.4602738627236311 0.14460507478039245 0.05283776749277763
7 0.5994863992106734 0.4749557909077075 0.25054689451304696 0.048454457452738776
2 0.6004976849649719 0.4329645176524239 0.25060507478039246 0.05345445745273878
4 0.4872143531508325 0.6227925583092585 0.4456748911012069 0.060588934265875194
10 0.5482198208783964 0.5806503548426324 0.13558180267345415 0.0507854070244789
6 0.669150004557582 0.5753543122497579 0.11854689451304694 0.04768650391769279
1 0.7730801882367673 0.5699593665500973 0.10958180267345415 0.050634143449394285
8 0.4930787870400848 0.3963420098626517 0.477686527154676 0.06177510481982563
5 0.9004100642647831 0.384212775510616 0.15984943190324316 0.07392503493994196