0 0.18 0.33740551037556477 0.33 0.07483989764479793
3 0.559 0.3139954461107817 0.364 0.07623552346274687
9 0.8935 0.5021031862253729 0.142 0.059652319592609956
7 0.588 0.48465800056017827 0.246 0.06086246915339484
2 0.5945 0.44408236621262914 0.247 0.06687410520686399
4 0.459 0.6176590514576901 0.437 0.08608495536599002
10 0.5245 0.582396889955465 0.134 0.05655923116485746
6 0.643 0.5895180176193785 0.118 0.05437305430935203
1 0.745 0.594831140165532 0.109 0.05526832982813017
8 0.4945 0.39724597155953767 0.469 0.08745730907700067
5 0.892 0.42762064030557645 0.159 0.08185013250158454