0 0.5025 0.36322882987357064 0.297 0.05318415428368064
0 0.1995 0.39201771454682055 0.241 0.04220667064770044
8 0.4555 0.4185492179251969 0.362 0.052318733504014746
5 0.7735 0.4229985072780237 0.128 0.05023424831081184
2 0.5575 0.44226880130251867 0.244 0.046259035842485106
7 0.525 0.4698360909126858 0.181 0.040159366752007375
9 0.7695 0.47606832753773654 0.111 0.04393751220703211
4 0.4525 0.5666015831199815 0.374 0.05052819428315342
10 0.4855 0.5400255659773504 0.108 0.03788514701224767
6 0.579 0.5428935174065621 0.09 0.040570955843539654
1 0.653 0.5431018426018739 0.076 0.03832658493454437