0 0.5105 0.38244020529596773 0.299 0.06347917998725632
0 0.206 0.39139702701463147 0.243 0.04982756099298763
8 0.463 0.43538749275618627 0.364 0.06223552346274687
5 0.78 0.4605761217058861 0.131 0.05452432300445002
2 0.563 0.46505109810309464 0.246 0.05386246915339484
7 0.529 0.49015547228514583 0.183 0.046129397784842464
9 0.7745 0.5120121234118061 0.112 0.048303237988537376
4 0.4535 0.5832769502482299 0.376 0.061375156104375946
10 0.4875 0.5586725760661787 0.109 0.04026832982813016
6 0.582 0.5677721831190073 0.092 0.04307051691915581
1 0.656 0.5726332510757195 0.078 0.039907612170588434