0 0.4944391543984558 0.3786492633926319 0.3055934387269233 0.05277443809234137
0 0.18646859483129916 0.4259440638893116 0.24746544213876343 0.041437003963305984
8 0.4521431356333354 0.43939943007450294 0.37254689451304696 0.049164232689675375
5 0.7764976849649717 0.425011544300848 0.13258180267345415 0.0507679535350461
2 0.5578409485423099 0.4557856490294472 0.2515119863526397 0.0454602752825499
7 0.5261958481731169 0.48647181958339775 0.1864421700318253 0.039082116344837686
9 0.7781143957988333 0.47800572647103695 0.11451198635263972 0.04466323259844898
4 0.4598943616804327 0.5898645230956372 0.3845236224061089 0.04723404664740701
10 0.49156855218329826 0.5616783525416866 0.11143053397835616 0.03764577910901608
6 0.5885394620496256 0.5586140230500241 0.09346544213876337 0.04054105817241884
1 0.6644987358624838 0.5546718679843914 0.0784421700318253 0.03845379072525452