0 0.5100892870104021 0.380429277309816 0.2989251184411955 0.05473371328366466
0 0.211462040256813 0.4286868372814349 0.24175056779191334 0.044402096984440274
8 0.4691278633736311 0.43968492845775586 0.36290766337626734 0.054106054391565746
5 0.7853223997373873 0.4240262715929233 0.12989020831133916 0.05175050004561319
2 0.5733984168800185 0.45578998275809524 0.2448203880516262 0.04841955047387319
7 0.5434133412954009 0.48511253894886114 0.1816982025971288 0.041053027195782986
9 0.7882300631136545 0.4760379072525452 0.11276802285684152 0.04465159693882697
4 0.4807024854505432 0.5872372889260545 0.37487275324641084 0.05217586834929716
10 0.511705016100089 0.5589205505650996 0.10966329246727219 0.03863414344939406
6 0.6056351958403762 0.5554674265673293 0.09171565766205686 0.04152942251279683
1 0.679047920515735 0.5508950370584346 0.07766329246727219 0.038447972895443626