0 0.5169042462380484 0.3874457207757115 0.30057016661998526 0.054236519478465195
0 0.21117187546783747 0.40510447090767693 0.2434421700318252 0.04224158077755692
8 0.4705442291788482 0.4416253327240853 0.3655352584595779 0.05237109869879941
5 0.7901664077402736 0.45770222596865084 0.1295585305665161 0.050251703375740135
2 0.5728351305155753 0.4684057493467635 0.24650035029917058 0.047293945972341586
7 0.5401551219859752 0.4953297322041323 0.18343053397835615 0.040194276881863854
9 0.787283118574135 0.510641133241402 0.11250035029917058 0.04495496727196041
4 0.46777800114574175 0.5905467849319083 0.3775119863526397 0.050580559477938096
10 0.5014812817822801 0.5656402571394678 0.10941889792488711 0.037902602077175745
6 0.5965278259961565 0.5712984883076483 0.09146544213876337 0.041588410908467724
1 0.6705510981030947 0.5745901631123366 0.07743053397835616 0.0383440399994729