0 0.1735 0.3514906065277993 0.337 0.05196060864629203
3 0.5605 0.3027391063909595 0.372 0.050164232689675375
9 0.9165 0.4741679589782594 0.143 0.05083194966296662
7 0.6025 0.4764947575388994 0.251 0.04346027528254979
2 0.606 0.43447439513456104 0.251 0.04946027528254979
4 0.48 0.6197074416907414 0.447 0.054600569925496986
10 0.5445 0.5798321916679348 0.136 0.04779122485429002
6 0.6665 0.5801224164309983 0.119 0.046692321747503686
1 0.7705 0.579017362130659 0.108 0.04862832561958339
8 0.501 0.3930852672647114 0.48 0.05279255830925854
5 0.91 0.39770577487203057 0.159 0.07192503493994196