0 0.1844809710506303 0.3394382460595007 0.3314188837463888 0.07392570166742621
3 0.5658733411991277 0.31871874398662126 0.3654188837463889 0.07412350788099865
9 0.902996182352642 0.5097639531701402 0.1433432519588464 0.05983194966296651
7 0.5958740079266119 0.4905500269221035 0.2473432519588464 0.06043700396330587
2 0.6021383858192683 0.4500122110283323 0.2483723411079011 0.06544282179311688
4 0.4676448703765635 0.6238005269677167 0.4394712442146874 0.08355402728700938
10 0.5334383374182746 0.5879165502001937 0.1353199806396026 0.0557854070244789
6 0.6514936068014787 0.596730046282501 0.11830834497998058 0.053686503917692786
1 0.7540314226952498 0.602633718726878 0.10931416280979146 0.05463414344939429
8 0.5013591299883424 0.40259690292433326 0.47147706204449835 0.08474019784095992
5 0.9010627540317259 0.43527267991485663 0.16046542638487654 0.08093085276975284