0 0.1669798805855976 0.385 0.32569816320814504 0.06
3 0.5371537207892925 0.314 0.3646981632081452 0.06
9 0.8968234944621063 0.4575 0.14161671083386135 0.053
7 0.5915794876384262 0.4795 0.24658180267345414 0.05
2 0.5921024094461936 0.4385 0.2466516189942688 0.056
4 0.48380162355185063 0.6275 0.43776797952895957 0.066
10 0.5432954552259455 0.584 0.1335934387269233 0.051
6 0.6617023667981927 0.576 0.11757016661998523 0.049
1 0.7636150963971746 0.5685 0.10758180267345414 0.05
8 0.48571260165497926 0.405 0.46975634347549045 0.065
5 0.8839682445321284 0.384 0.15787270401018122 0.075