0 0.5015550275748096 0.38788784305535684 0.2975003502991707 0.046455907880318136
0 0.1995895854360463 0.4243795729344278 0.24039562581794888 0.036792652832580305
8 0.45688595450033725 0.4448758567027171 0.3624538060852943 0.04321225135580858
5 0.7739615888478864 0.4420644856524169 0.12853525845957803 0.047489414844042815
2 0.5591590514576901 0.4655685521832983 0.2444421700318253 0.04083919704645655
7 0.5283274239338213 0.4937136525524912 0.18139562581794894 0.0361061256779044
9 0.7733448780140249 0.4950644856524169 0.11146544213876336 0.04129160193506846
4 0.45866381858691274 0.592916582889859 0.3734421700318253 0.042340247943968734
10 0.49148381005731256 0.5657947546276041 0.10839562581794894 0.035256693774661015
6 0.5854896280840471 0.5663885436536982 0.0904421700318253 0.03904724481221774
1 0.6595187182177199 0.5647496116104104 0.07640726187141808 0.03588434006365037