0 0.5071875040089192 0.3789380040545325 0.29322107753281634 0.039704624134609956
0 0.20938531022249168 0.41120429077086773 0.23716871706451775 0.030378825665196472
8 0.46351330247833267 0.4346820195428504 0.35719198838376154 0.03507696524251105
5 0.7775074846485218 0.4355088181034904 0.12625016668187117 0.0437330465561804
2 0.5656354769043628 0.45627543818356786 0.24019780621357245 0.03539627915462927
7 0.5337983761390696 0.48408926762961735 0.17818035272413954 0.03203557370635008
9 0.7768100117986915 0.4875030002736794 0.10922107753281625 0.03863414344939406
4 0.4663627056307322 0.5806936552024723 0.3691803527241395 0.03314677920024246
10 0.4982056242258364 0.5538798257564228 0.10518617055395055 0.03261087213015026
6 0.5912172598854584 0.5564208839288417 0.08820944187319446 0.03651196902336414
1 0.6642056242258364 0.5548455855050415 0.07419780621357268 0.03443051940601072