0 0.183 0.3548057231181362 0.34 0.06193472207559398
3 0.5745 0.307472065198739 0.376 0.0625631044130098
9 0.929 0.4822842446816859 0.142 0.05547861921980689
7 0.6145 0.4832738626016103 0.254 0.0524335864917673
2 0.619 0.4401953148094333 0.254 0.0574335864917673
4 0.4885 0.6269732007825658 0.452 0.06788968934755439
10 0.5535 0.5873386215622315 0.137 0.052391343895165844
6 0.6765 0.5871916485760608 0.12 0.0500946077913859
1 0.7815 0.5873588667585979 0.11 0.052920057142103814
8 0.512 0.3985630067567526 0.485 0.06846570649018555
5 0.922 0.40390643013618344 0.156 0.07672299012880193