0 0.1554818797830828 0.3781789576320882 0.3109637595661656 0.06364208473582357
3 0.5242110173331311 0.3013794358752615 0.3713548876184682 0.06531697583703044
9 0.8883557963509209 0.44413227635904556 0.14431416280979148 0.05567559169954825
7 0.5772248951801743 0.4702510889879309 0.2512967093203588 0.053920649420740346
2 0.5779721529471399 0.42774527096119636 0.2513257984694135 0.05892064942074023
4 0.46484640287872003 0.6225485089497338 0.4463839767675231 0.07118967984721167
10 0.5261052963053076 0.5773387096881197 0.1363025271501697 0.053582503271795534
6 0.6466547478587006 0.5674365652450949 0.119285073660737 0.05038469036282095
1 0.7506954726673774 0.5592264156843102 0.10930252715016968 0.053268329828130165
8 0.47066414133090145 0.395996146709123 0.478389794597334 0.07256203355822254
5 0.8777892246718371 0.36976027294720554 0.1604421550656325 0.07786176855505346