0 0.17042012584258348 0.3544890012998825 0.33028507366073684 0.0547601714263119
3 0.5496906549287928 0.301373531692088 0.3642734380011148 0.053353643633871115
9 0.8977016238609304 0.46528171403214 0.14028507366073678 0.051443709089950516
7 0.589698714946025 0.47115787403003107 0.24624434885206006 0.04629394597234159
2 0.5934430637980852 0.42909678130278234 0.24627343800111476 0.05129394597234159
4 0.46938421877249126 0.6132437542889532 0.4382967093203587 0.058645318438559114
10 0.5331111141351185 0.5731353576660113 0.13326762017130386 0.048321523635452876
6 0.6511111141351186 0.5710756600044815 0.11626180234149297 0.047024787531673155
1 0.7541111141351184 0.5692777883168753 0.10627343800111476 0.048850236882391075
8 0.4901728680756179 0.39140338052285284 0.4702850736607368 0.0572038805162623
5 0.8911321432669411 0.39140389948663756 0.15640724808676693 0.07272299012880194