0 0.16272970543601228 0.3616556855251501 0.31763998294079965 0.05868862894969982
3 0.5384500898535836 0.2902747113940397 0.3746516189942688 0.060351883997437655
9 0.9067594961680263 0.4415100977976202 0.14561671083386135 0.054687227753017285
7 0.5914573090770007 0.4621812726671164 0.25255853056651606 0.05093228547420938
2 0.5924569587778301 0.4191638185869127 0.25261671083386134 0.05593228547420927
4 0.4782027170973634 0.613519418816061 0.45069816320814504 0.06523622406108825
10 0.5402023667981928 0.5697921654742434 0.13658180267345416 0.05158250327179553
6 0.6621267324506437 0.561872566951015 0.11955853056651586 0.04938469036282095
1 0.7670627341565637 0.5551507813367611 0.11058180267345415 0.05127996588159931
8 0.48353224282620844 0.3839263303883084 0.48269816320814507 0.0656085777720989
5 0.8953693380776413 0.3651322763590456 0.16187270401018122 0.0768734046085226