0 0.5189042462380485 0.3844867495098441 0.29367489110120687 0.06140936366644178
0 0.2215496969064121 0.3935250236027914 0.2375236224061088 0.047757744672172975
8 0.47252095707191005 0.43693985499679705 0.3566632550477377 0.06114243503499415
5 0.7832653141947608 0.4615528495989479 0.12860507478039243 0.053489414844042814
2 0.5713351305155753 0.4650860062635019 0.2415934387269233 0.05380428888604934
7 0.5386376679057715 0.4907020164990221 0.17948871424570143 0.044082853570966224
9 0.7793529348949496 0.5120004873583369 0.11052362240610865 0.04627996588159931
4 0.46520818482492726 0.5818351305155753 0.3686516189942687 0.06028206767662323
10 0.49891728348820014 0.5572307563335241 0.1074421700318253 0.0392450577211921
6 0.5905045538892184 0.5657954552259455 0.09048871424570143 0.04304724481221774
1 0.6635510981030946 0.5706448871291886 0.07645380608529422 0.03988434006365037