0 0.5047863157569314 0.3834496397141544 0.2952792558309259 0.04971625979423175
0 0.20552742233034396 0.4262101086006787 0.23922107753281632 0.039390461324818264
8 0.46244597271299065 0.4417052908620942 0.36026762017130387 0.048094418731943964
5 0.777021604500533 0.43053499833763964 0.12727925583092586 0.048738864385991294
2 0.5638499785211099 0.45879580058790626 0.24224434885206006 0.04340791481425117
7 0.5336812614565921 0.48762126569357755 0.18021525970300536 0.03804720936597198
9 0.7767132595205524 0.4835349983376397 0.11024434885206029 0.042639961279205066
4 0.4675965695605911 0.58774019784096 0.37125598451168207 0.04615841485986448
10 0.4987594687952978 0.5599205505650996 0.10720944187319446 0.036622507789772274
6 0.5927740133698253 0.5579674265673293 0.09022689536262715 0.039523604682985936
1 0.6657943757741637 0.5548921281435292 0.07621525970300536 0.037442155065632504