0 0.5142972550675645 0.3809689106684923 0.3026807475322005 0.04075698460290846
0 0.20568632779507684 0.4177608022502665 0.24552365194784653 0.03142536830368408
8 0.4682848613017278 0.4392307130099853 0.36859347220755945 0.03614096137043157
5 0.7913023163666559 0.43635155398104664 0.1307854779217696 0.0457563178754242
2 0.571900849873307 0.4606256587096459 0.24861092727248751 0.03644282179311688
7 0.5383946529903888 0.4898176470934074 0.18455856207770285 0.033070480685215786
9 0.7883597428605322 0.49036318964066855 0.11268074753220049 0.03965159693882697
4 0.46664914649756695 0.5902248951801744 0.38055856207770294 0.03421077532816298
10 0.5001378883155572 0.5620329067964128 0.10957601714263114 0.033634143449394284
6 0.5961204332506288 0.5624743951345611 0.09164583740234411 0.037529422512796826
1 0.6721378883155571 0.5610322400689285 0.07761092727248751 0.03544797289544363