0 0.17967152516866688 0.3564578726161757 0.32862834688733056 0.057816625537859864
3 0.5572235371101072 0.31355944440486166 0.36362834688733053 0.058223887409277725
9 0.9032598464671969 0.4845566420114965 0.1415934387269233 0.05264068353914092
7 0.5971900301463824 0.4821172743730364 0.24552362240610887 0.047850833099925695
2 0.6012187699808845 0.44156491213242555 0.2455934387269233 0.05385083309992569
4 0.4767958055251161 0.6215368728962648 0.4366748911012069 0.06307331931252089
10 0.5398536354932909 0.5827979835009779 0.13257016661998522 0.050535959057919175
6 0.6578827256269635 0.5839249291916259 0.11654689451304694 0.04834978220241373
1 0.7599118157606363 0.5852380517377792 0.10757016661998522 0.050245057721192095
8 0.4982300557351829 0.4007576076130067 0.4686632550477378 0.06244567302353164
5 0.8968929604837501 0.4101206403055765 0.156837795849774 0.07381522434117721