0 0.5068932579246697 0.3874631758406397 0.2940123937658366 0.06311433402396778
0 0.20917506961306692 0.394770294024495 0.23778547792176982 0.04913685038798758
8 0.4589681394834741 0.4396427877890135 0.35699493870090837 0.0632140031144454
5 0.7691103106524456 0.4655625854492251 0.12890766337626747 0.05423424831081183
2 0.5569968527304122 0.4683621116844429 0.24189020831133917 0.055206670647700434
7 0.5235517485747426 0.4932860945418117 0.17973311272698517 0.045124456622151005
9 0.7637201023411065 0.516484037657048 0.11078547792176982 0.046920057142103816
4 0.4474458826013466 0.5839856922046596 0.3689774836359802 0.06242346389358409
10 0.481873531692088 0.5600791644122189 0.10766329246727219 0.039867691947319144
6 0.5732426187051264 0.5691763028531509 0.09073311272698516 0.04357095584353965
1 0.6461727984454135 0.5744505225929107 0.07668074753220049 0.0403265849345446