0 0.5075 0.36914155454892955 0.295 0.05814924415382416
0 0.207 0.39288680155985894 0.238 0.045154305452915766
8 0.4605 0.4239619426005558 0.358 0.05824891324430189
5 0.774 0.4339897797455596 0.128 0.05223424831081184
2 0.5605 0.4482164361077341 0.241 0.05120667064770044
7 0.528 0.4752837257179011 0.179 0.043124456622151
9 0.7695 0.48556832753773654 0.111 0.04593751220703211
4 0.454 0.5695754005225893 0.37 0.05645837402344046
10 0.487 0.5449993833799581 0.107 0.03886769194731914
6 0.581 0.5493586072767056 0.09 0.04257095584353965
1 0.654 0.5505843875369457 0.076 0.03932658493454437