0 0.502789224671837 0.38 0.3032908914905478 0.05
0 0.1955245134154385 0.4255 0.24622689536262726 0.039
8 0.45944306379808514 0.4395 0.3692734380011149 0.047
5 0.782015786670722 0.427 0.1312908914905479 0.05
2 0.5638441606912988 0.4565 0.24925598451168207 0.044
7 0.5316667168820648 0.487 0.18522107753281625 0.038
9 0.7817074416907415 0.48 0.11325016668187118 0.043
4 0.4645674804115364 0.59 0.381261802341493 0.045
10 0.496736197476054 0.561 0.11021525970300536 0.037
6 0.5927507420505815 0.5585 0.09223271319243805 0.04
1 0.6677711044549198 0.555 0.07822107753281625 0.038