0 0.5075 0.36614155454892955 0.296 0.058166699218752456
0 0.206 0.38890425662478717 0.239 0.04617176051784395
8 0.4605 0.4209619426005558 0.36 0.058283823374158376
5 0.7755 0.43096359714816723 0.128 0.05323424831081183
2 0.5615 0.4451989810428058 0.242 0.05122412571262862
7 0.528 0.4722837257179011 0.18 0.04314191168707919
9 0.7705 0.48255087247280837 0.111 0.04593751220703211
4 0.454 0.5675754005225893 0.371 0.056475829088368755
10 0.4875 0.541990655847494 0.108 0.03988514701224744
6 0.581 0.5463586072767056 0.091 0.042588410908467725
1 0.655 0.5475669324720175 0.077 0.03934403999947267