0 0.5085608456015442 0.3785154533069799 0.2936167108338616 0.054704624134609955
0 0.2113572146658352 0.39774334876083367 0.23747707819223252 0.042378825665196476
8 0.46243831674094815 0.43228016456337837 0.3565934387269233 0.05307114741270016
5 0.7737579579121773 0.4459679105772658 0.12757016661998524 0.049738864385991295
2 0.5606299613240173 0.4582071083269993 0.24053525845957802 0.04739627915462927
7 0.5278390599872903 0.4833961877958553 0.1784538060852942 0.04003557370635008
9 0.768664519185254 0.49699409081141505 0.11051198635263973 0.04463996127920518
4 0.4542510889879309 0.5773179804571495 0.3685701666199852 0.051140961370431566
10 0.48754199032465806 0.5521259920733881 0.106418897924887 0.03661668995996115
6 0.5794663559771089 0.5580907517307802 0.09047707819223251 0.04152360468298593
1 0.6524430838701708 0.5596660501545805 0.0764421700318253 0.038442155065632505