0 0.17 0.365032638962203 0.326 0.04769035116659893
3 0.544 0.3065044446790496 0.36 0.047283823374158374
9 0.892 0.4624300820840299 0.138 0.048408798960094035
7 0.588 0.47373642182220804 0.243 0.04124158077755692
2 0.591 0.4326840566274234 0.243 0.04624158077755692
4 0.472 0.6167612093538812 0.433 0.0495580431139183
10 0.533 0.57569645039326 0.13 0.04626915844066844
6 0.651 0.5716367527317303 0.114 0.043989877401816785
1 0.753 0.5678563361090521 0.104 0.04681532675253448
8 0.487 0.39549938337995805 0.464 0.04909915012669296
5 0.885 0.3885522675385274 0.153 0.06867062493401727