0 0.16498569861233212 0.3855 0.3217796155824287 0.067
3 0.5380606323615399 0.306 0.3737912516358979 0.068
9 0.9097071339274154 0.4475 0.14567489110120688 0.058
7 0.5970329434245498 0.4755 0.25263998294079965 0.055
2 0.5965442291788482 0.4335 0.2527097992616141 0.061
4 0.48931325960531974 0.6285 0.4488727040101813 0.075
10 0.5497838191724763 0.583 0.1386283468873305 0.054
6 0.6701674586377856 0.573 0.12160507478039244 0.052
1 0.7745569161298292 0.5635 0.11061671083386136 0.053
8 0.487666057441103 0.401 0.48187270401018134 0.075
5 0.895334429917234 0.3725 0.16291924822405782 0.079