0 0.14896151737874447 0.3896182597392326 0.29792303475748894 0.06523651947846519
3 0.51467320143936 0.32301554103542435 0.3753607054482793 0.0685456493480815
9 0.8828063447975277 0.47845645999393666 0.14531998063960258 0.057530984414591556
7 0.5676754436267812 0.4954581145415482 0.25330252715016965 0.056416131426839
2 0.5684285192235577 0.4519668420740122 0.2533316162992246 0.061416131426839
4 0.454291133495516 0.6454944197371236 0.451389794597334 0.0748722342826261
10 0.5165500269221035 0.6020766337626732 0.1373025271501697 0.054391343895165846
6 0.6380994784754966 0.5956974241514517 0.12029089149054789 0.052094607791386124
1 0.7431431121990788 0.5900302059689145 0.11030252715016968 0.053920057142103815
8 0.4596263254371302 0.4160642399968365 0.483395612427145 0.07643079636032916
5 0.8712514087780657 0.40174699921479806 0.16244797289544363 0.07982772051837128