0 0.507 0.38489947910882594 0.292 0.051397727612972746
0 0.2095 0.4044377532017733 0.237 0.039757744672172975
8 0.4625 0.43888167472945167 0.356 0.04814243503499415
5 0.773 0.45249466933160243 0.126 0.04846614273710463
2 0.5615 0.46353364402289104 0.24 0.0447926528325803
7 0.5295 0.4901612903118803 0.178 0.03807121751749708
9 0.7705 0.5034655791979298 0.109 0.04326832982813016
4 0.458 0.5838293124888407 0.368 0.04728206767662323
10 0.491 0.5582133022533206 0.106 0.03623342166772295
6 0.583 0.5637838191724763 0.089 0.04003560875874859
1 0.656 0.5661332510757195 0.075 0.037872704010181224