0 0.504 0.3864321862247215 0.303 0.056762802432719466
0 0.199 0.4356577481323801 0.244 0.044419550473873075
8 0.462 0.4466878373726614 0.368 0.05514096137043157
5 0.7835 0.43055826965688354 0.131 0.052762135705235094
2 0.567 0.46379870950281166 0.248 0.049442821793116994
7 0.5355 0.4931154478637666 0.184 0.0420704806852159
9 0.7845 0.48356408748669444 0.114 0.04566323259844887
4 0.471 0.59624019784096 0.38 0.05321077532816298
10 0.5025 0.567923459480005 0.11 0.03863996127920518
6 0.5985 0.5644819711418567 0.093 0.04254105817241884
1 0.673 0.5599153994627729 0.078 0.03945379072525452