0 0.49634158514013554 0.371 0.30225598451168206 0.044
0 0.1911059630327919 0.4115 0.2431978062135725 0.034
8 0.4524983331812892 0.43 0.36823271319243817 0.04
5 0.7740390579899659 0.423 0.13027343800111477 0.047
2 0.556387794414881 0.449 0.24822689536262715 0.039
7 0.5237161684354579 0.4785 0.18419780621357246 0.034
9 0.7727307130099853 0.476 0.11323853102224916 0.041
4 0.45512856762455134 0.5795 0.37922107753281625 0.038
10 0.4877943757741637 0.551 0.10919780621357245 0.034
6 0.5837914668592582 0.5515 0.09222689536262715 0.039
1 0.6588118292635965 0.548 0.07720944187319446 0.036