0 0.1813907946885605 0.32708867159770066 0.338389794597334 0.07093298607255065
3 0.5717366221985701 0.30513255047737825 0.37540143025695577 0.0733635200509068
9 0.921356554437179 0.5016877151113542 0.1463374341290355 0.05969886380648631
7 0.6057634691602038 0.482016540241858 0.2533257984694135 0.05894392152767841
2 0.6115162113932382 0.4395863565626726 0.2533548876184682 0.06394392152767842
4 0.47656342075921015 0.618003853290877 0.4514363372358217 0.08024786011455717
10 0.5433510699711103 0.5822834688733057 0.13831416280979147 0.055605775378733596
6 0.6648888858648815 0.5901972493697994 0.12130252715016968 0.05340796246975924
1 0.7699208839288417 0.5969190349840534 0.11130834497998057 0.054291601935068455
8 0.5072398644772178 0.3908762070018878 0.4834421550656327 0.08162021382556782
5 0.9183379341746486 0.42465862497768153 0.16332413165070284 0.08189667671546079