0 0.5232573179666505 0.3910310893315077 0.30222689536262715 0.04075698460290846
0 0.21545512418022314 0.42323919774973345 0.24517453489432864 0.03142536830368408
8 0.4785947520956861 0.4487692869900147 0.36819780621357245 0.03614096137043157
5 0.8015889342658752 0.4496484460189533 0.13026180234149295 0.0457563178754242
2 0.5827169265217162 0.4703743412903541 0.24820362404338356 0.03644282179311688
7 0.5498856435862337 0.4991823529065926 0.18418617055395042 0.033070480685215786
9 0.7998972792458557 0.5026368103593314 0.11222689536262714 0.03965159693882697
4 0.4804674265673294 0.5987751048198257 0.38018617055395054 0.03421077532816298
10 0.5133103451624336 0.5719670932035872 0.10919198838376155 0.033634143449394284
6 0.6093161629922446 0.5735256048654389 0.09121525970300536 0.037529422512796826
1 0.6853103451624336 0.5729677599310715 0.07720362404338357 0.03544797289544363