0 0.179434722075594 0.3410093934722008 0.3281520342852624 0.06790243034818241
3 0.5574634353225322 0.31621144205564733 0.3661520342852623 0.06812350788099866
9 0.9007537150615013 0.5066895041913722 0.1429949387009083 0.05782613183315562
7 0.5924831615551137 0.4893976126095979 0.2479600285710519 0.056437003963306094
2 0.5987500488281287 0.4474383374182746 0.24804730389569296 0.06143700396330598
4 0.46831341272303073 0.622161657138512 0.44027421973975994 0.07555402728700937
10 0.5331937579180791 0.5870427249911297 0.13592511844119554 0.0537854070244789
6 0.6522984883076484 0.5937350467386334 0.11889020831133894 0.05168650391769279
1 0.7543857636322895 0.5993284653793507 0.10890766337626724 0.052628325619583166
8 0.4959645709063588 0.4018449187775572 0.4722916748046881 0.07674019784096003
5 0.8974533127243489 0.4321778685317503 0.16036149506440098 0.07892503493994195