0 0.498 0.39379475462760416 0.302 0.04751408814766353
0 0.1915 0.4297283042393298 0.243 0.036827560992987625
8 0.454 0.45128276827496444 0.368 0.04428206767662311
5 0.776 0.4480295774920097 0.13 0.048512686950980995
2 0.5585 0.4724987358624838 0.248 0.04188574126033302
7 0.526 0.5006205641247385 0.184 0.03614103383831162
9 0.775 0.5020179414385407 0.113 0.042314874042006526
4 0.4575 0.6013234944621063 0.379 0.04241006426478316
10 0.49 0.5737016661998515 0.109 0.03526832982813016
6 0.586 0.5743187273328836 0.092 0.04007051691915558
1 0.661 0.572691431343065 0.077 0.03689597611711952