0 0.18074134148948134 0.36655376343729346 0.3375818026734542 0.0539213500190815
3 0.566700265003169 0.3245510981030947 0.3725585305665161 0.05232861189049948
9 0.9247191202800551 0.5021935331380888 0.14358180267345416 0.051663955646079104
7 0.6107249383067896 0.4990398123487962 0.2514887142457014 0.044920649420740345
2 0.614224588007619 0.45608635656267255 0.25155853056651606 0.05092064942074023
4 0.4898830759261342 0.6401143957988333 0.44760507478039246 0.05720131590068081
10 0.5544234518141055 0.6013707392743238 0.13654689451304694 0.0485825032717953
6 0.6754234518141055 0.602778701744083 0.11953525845957802 0.04738469036282095
1 0.7804234518141054 0.6040004873583371 0.10855853056651608 0.04925669377466101
8 0.5072475098153866 0.413847116868215 0.48058180267345424 0.0555853056651606
5 0.9173289621896702 0.42561789879053974 0.1598261597963051 0.07285013250158442