0 0.17060192208785663 0.331954091170026 0.3307679795289596 0.0717601714263119
3 0.5549102775047874 0.2987513462375905 0.3717912516358979 0.07447582908836875
9 0.8971936093189268 0.4832380763698195 0.14566325504773794 0.05953098441459156
7 0.5858739681476977 0.4731753290949593 0.25163998294079964 0.05938122129698263
2 0.5923626823933992 0.43107059870539 0.25169816320814514 0.06438122129698264
4 0.45529146487590205 0.6114270324706994 0.4468610679567123 0.08178495895798506
10 0.5217161808275237 0.573774998185437 0.1376283468873305 0.05639134389516585
6 0.6421405464799745 0.5781716628615868 0.1205934387269233 0.053094607791386125
1 0.7460765481858945 0.5818563361090521 0.11061671083386136 0.054920057142103816
8 0.489897940852977 0.38686847039299643 0.47887270401018134 0.08334352103568801
5 0.8965663133291082 0.40826425896721186 0.16191924822405782 0.08181026545344298