0 0.17184024794396857 0.373 0.32455853056651607 0.048
3 0.5416711748694962 0.3155 0.35854689451304694 0.047
9 0.8919689451304699 0.47 0.13855853056651607 0.048
7 0.5890911236918952 0.4805 0.24247707819223252 0.041
2 0.5921256815531318 0.4405 0.2425352584595778 0.046
4 0.4782434432845052 0.6225 0.4315701666199851 0.049
10 0.5392780011457418 0.5825 0.13152362240610888 0.045
6 0.6562314569318656 0.5785 0.11451198635263972 0.044
1 0.7561849127179892 0.5745 0.10454689451304694 0.047
8 0.48820678362824477 0.4045 0.4625701666199851 0.049
5 0.8821253312539611 0.3975 0.15380288768936679 0.069