0 0.16646789423295788 0.3381635519491647 0.3067563434754905 0.07034124986803454
3 0.5396420847358235 0.3036440851984754 0.3758028876893668 0.0755456493480815
9 0.8903878430553568 0.4905609950709915 0.14667489110120688 0.060548439479519746
7 0.5757016661998515 0.48005061299091595 0.2536516189942688 0.060416131426839
2 0.5812013159006808 0.43694588260134665 0.2537097992616141 0.065416131426839
4 0.44629580552511605 0.6193372264965125 0.4518727040101814 0.08287223428262609
10 0.5123710895734945 0.5816764646787861 0.1386283468873305 0.05640879896009392
6 0.6344467239210435 0.5860469467575435 0.12160507478039244 0.054112062856314425
1 0.7405107222151235 0.5896967098751524 0.11161671083386136 0.054937512207032344
8 0.47665442138763386 0.3917612093538813 0.4838843400636504 0.08443079636032917
5 0.8879860489115029 0.4130871776683838 0.16393088427752672 0.08284517558329947