0 0.15449772883234658 0.3689221260250364 0.30899545766469316 0.04982098073082898
3 0.5273881966255781 0.32460090328923924 0.3708378431165545 0.050152597030053585
9 0.8783771979254604 0.49916041504231734 0.1438552981814828 0.04983194966296674
7 0.5653684703929964 0.4978394343114884 0.2507331127269852 0.04345445745273878
2 0.5711015831199816 0.4558685234605431 0.2508203880516262 0.048454457452738776
4 0.44139857870565363 0.6386325679894573 0.4458902083113391 0.053588934265875195
10 0.5070705987053901 0.6005107269271693 0.1358203880516262 0.0477854070244789
6 0.6280705987053901 0.601214684334295 0.11878547792176983 0.045686503917692786
1 0.7320793262378541 0.6013197386346344 0.10883784311655427 0.04862832561958339
8 0.46633469584696674 0.4132547424154874 0.4778727532464109 0.05277510481982563
5 0.873212510392469 0.42262259914854616 0.15923930960990357 0.07191921711013094