0 0.1498319057155285 0.38982937506598275 0.299663811431057 0.06434124986803454
3 0.5128969241580421 0.31194954883471915 0.37206475896062124 0.06747582908836876
9 0.8768310296135942 0.4525522675385274 0.14494257350612383 0.056513529349663257
7 0.5639470181851735 0.48000697532859543 0.25189020831133896 0.05538122129698263
2 0.5656801309121584 0.4379895202636672 0.2519774836359802 0.06038122129698263
4 0.4503113033810125 0.6329444875356276 0.4471520342852623 0.07378495895798505
10 0.5115793262378541 0.5878884561074703 0.13690766337626736 0.054373888830237777
6 0.6327276942897441 0.5772763932511562 0.1198552981814828 0.051077152726457825
1 0.7363586072767055 0.5679697940310856 0.10990766337626724 0.053902602077175746
8 0.45826487558725376 0.4063746672759147 0.4791694893501906 0.07534352103568802
5 0.8661314319507465 0.378261728317666 0.16132658493454438 0.0787928103885148