0 0.5031729594343918 0.364755012470963 0.29834325195884637 0.06420160934860883
0 0.20499294007399435 0.4249653493520359 0.24227343800111487 0.05122412571262862
8 0.46302202922304914 0.4254619426005558 0.3623374341290355 0.06431873350401475
5 0.7788824013075861 0.395946142083239 0.13030834497998056 0.05526915844066821
2 0.5671034788404025 0.43764661584802117 0.2452967093203588 0.05527649090741329
7 0.5372780137347312 0.46817026779586773 0.18225016668187094 0.04617682181693567
9 0.7816907462875667 0.4489025044209185 0.11226762017130386 0.047954967271960414
4 0.4748743412903541 0.5717699368863455 0.3743316162992244 0.06352819428315343
10 0.5057056242258364 0.5422288298735707 0.10922689536262727 0.04090260207717574
6 0.5996736261618762 0.5350880537703182 0.09124434885206029 0.04358841090846772
1 0.673135810268105 0.5273051064980943 0.07722689536262714 0.04034403999947267