0 0.5003867921578449 0.3683422877956041 0.2955003502991707 0.048149244153824156
0 0.20134641626987376 0.41307007974160526 0.23839562581794882 0.03815430545291577
8 0.45805004720558273 0.4260928555875174 0.3604538060852943 0.04528382337415837
5 0.7729744128580337 0.4140945101351289 0.12753525845957803 0.04821679324588354
2 0.5592711322214954 0.4433298940297675 0.2424421700318253 0.04222412571262862
7 0.5291027597453642 0.47236227351007815 0.1803956258179487 0.037141911687079074
9 0.7720794876384262 0.4661206927325212 0.1104654421387636 0.04192005714210393
4 0.46326054706553815 0.5730317628602686 0.3704305339783561 0.04345837402344068
10 0.49443473756840384 0.5444819283150298 0.10739562581794883 0.03586769194731915
6 0.5884289195416693 0.5423411522117774 0.0904421700318253 0.03957095584353965
1 0.661405647434731 0.5390669324720174 0.07640726187141808 0.036326584934544597