0 0.5095201194144025 0.39397190337310384 0.3066516189942688 0.06134124986803454
0 0.20142086266074455 0.44010447090767696 0.2475119863526397 0.04831140103726966
8 0.4658161381795228 0.4537213355811905 0.3726167108338614 0.05949328415329694
5 0.7915255871419663 0.44140295921532524 0.13360507478039244 0.054321523635452874
2 0.571624143297283 0.47207157246358156 0.25155853056651606 0.05238122129698263
7 0.5407692436664758 0.5020391929832709 0.18648871424570143 0.04524664207664841
9 0.7918972402546358 0.4954204142802535 0.11553525845957802 0.04800733246674497
4 0.4740532760789564 0.6053958862304727 0.38460507478039246 0.058702744932435505
10 0.5058965396562944 0.5764457207757115 0.11245380608529433 0.040954967271960414
6 0.6029430838701708 0.5741388620737486 0.09448871424570143 0.04364077610325239
1 0.6790012641375163 0.5704654470082932 0.07945380608529422 0.040378950129329266