0 0.50383867622523 0.37738784305535683 0.2993490697886573 0.06347917998725632
0 0.20351287775581658 0.42989702701463145 0.24327343800111487 0.04982756099298763
8 0.46348669752166727 0.43742240091659346 0.3643374341290354 0.06223552346274687
5 0.7811263254371301 0.41711684789302783 0.13130834497998056 0.05452432300445002
2 0.566905247904314 0.4526267324506437 0.2462967093203588 0.05386246915339484
7 0.5367307130099853 0.4822776508465712 0.18325598451168207 0.046129397784842464
9 0.7833179804571496 0.47014593802670057 0.11227343800111499 0.04830323798853749
4 0.4741256587096459 0.5855562155314878 0.3763316162992244 0.061375156104375946
10 0.5042972846890691 0.5564052971355604 0.10922689536262714 0.04026832982813039
6 0.5993292827530292 0.5520107222151235 0.09224434885206029 0.04307051691915558
1 0.6728641897318951 0.5468659721451012 0.07822689536262714 0.039907612170588434