0 0.48910157178868596 0.3866140745420754 0.2996981632081452 0.06521906441353713
0 0.18846158884788636 0.4363775550636101 0.24354689451304698 0.05124158077755692
8 0.44840340858054095 0.4459158719449467 0.3646748911012069 0.06435364363387124
5 0.7656710378103299 0.42844912752719166 0.13161671083386137 0.05528661350559651
2 0.5517405038319738 0.4617224711650172 0.2465934387269233 0.055293945972341586
7 0.5213914222279012 0.4911988192171707 0.1835119863526397 0.04719427688186374
9 0.7670543269764684 0.4814840376570481 0.11254689451304693 0.048954967271960415
4 0.45818709069385094 0.5936166051916212 0.37666325504773784 0.0635631044130098
10 0.4885245362444544 0.5651402571394677 0.10945380608529433 0.04090260207717574
6 0.5835885345385343 0.5612984883076484 0.09248871424570143 0.043605865973396024
1 0.6571641688860834 0.5560814355798724 0.07845380608529422 0.04036149506440097