0 0.507 0.3760503602858456 0.294 0.04471044196442085
0 0.2085 0.4067869824844158 0.237 0.034378825665196476
8 0.462 0.4318121626273386 0.358 0.041082783072322056
5 0.776 0.43448536406669863 0.127 0.04573886438599129
2 0.564 0.4537187439866212 0.241 0.03940209698444028
7 0.5315 0.4814078234554772 0.179 0.035041391536160975
9 0.774 0.48649699972632054 0.11 0.040639961279205064
4 0.4615 0.5778150715422441 0.369 0.03914677920024269
10 0.494 0.5521259920733881 0.106 0.03461668995996115
6 0.587 0.5540849339009692 0.089 0.038517786853175036
1 0.66 0.5541602323247695 0.075 0.03543633723582161