0 0.16952046971357304 0.3440188552768862 0.32582615979630497 0.07478171737745254
3 0.5517531907829547 0.3284638277020765 0.3718610679567123 0.07831697583703044
9 0.8909667062762796 0.528937539961769 0.146686527154676 0.060698863806486314
7 0.5797110633991304 0.504312909306149 0.25169816320814514 0.06292064942074023
2 0.5866939596180974 0.4628885436536981 0.2527563434754904 0.06793228547420926
4 0.44715183223427307 0.6367885863016991 0.4469541563844649 0.08718967984721167
10 0.5135649121324255 0.6020565658306587 0.13766325504773771 0.05859413932526468
6 0.6344660056779382 0.6119645283004179 0.12061671083386136 0.05439632641629032
1 0.7378787352769203 0.6206688598344681 0.11163998294079966 0.05629160193506846
8 0.48525249018461347 0.4137016661998515 0.4789657924379341 0.08856203355822254
5 0.891339410286461 0.4539317219350344 0.16294252033099588 0.08288504066199175