0 0.5043635200509068 0.375 0.2975003502991706 0.043
0 0.20331732613620104 0.414 0.24039562581794888 0.034
8 0.46203259312537914 0.4325 0.3624538060852943 0.039
5 0.7789569587778301 0.426 0.12853525845957803 0.046
2 0.5642594961680263 0.452 0.2444421700318253 0.038
7 0.5330911236918952 0.4805 0.18139562581794894 0.034
9 0.7780620335582225 0.478 0.11146544213876336 0.04
4 0.46724309298533456 0.5795 0.3734421700318253 0.038
10 0.49842310151493474 0.552 0.10839562581794894 0.034
6 0.5924172834882001 0.5515 0.0904421700318253 0.038
1 0.6673881933545274 0.549 0.07640726187141808 0.035