0 0.14971077532816304 0.37914187010288414 0.29540724808676694 0.07171625979423174
3 0.5087075330495154 0.29055036028584563 0.3754363372358216 0.07718168617910828
9 0.8839987579038053 0.4243715830216429 0.14734906978865728 0.06085522098221054
7 0.5696936552024723 0.45970129049718833 0.2533548876184682 0.062471910942171686
2 0.5689493063504122 0.41770419941209375 0.2543839767675231 0.06747772877198259
4 0.46360123665298136 0.6163237982869605 0.45148287987430924 0.08562384124474101
10 0.523830707566772 0.5694718195833978 0.13833161629922439 0.057802860513911807
6 0.6452579846941351 0.5562649532613666 0.12131416280979147 0.05470395740712547
1 0.749191079651309 0.5441598989610273 0.11231998063960259 0.05565159693882697
8 0.4587718625411781 0.3878441606912989 0.48349451553393125 0.08781001179869145
5 0.8685624206679836 0.3494588504688072 0.1644828798743092 0.08395412408899665