0 0.499 0.3780969029243333 0.292 0.04969880630479895
0 0.203 0.4233189805483761 0.237 0.03837882566519647
8 0.458 0.4358354339465825 0.356 0.04607114741270016
5 0.7685 0.4220289977902808 0.126 0.047733046556180395
2 0.5585 0.4527507420505814 0.24 0.04339627915462927
7 0.5285 0.48092527694491016 0.178 0.03703557370635008
9 0.7695 0.4730231799604699 0.109 0.042634143449394174
4 0.464 0.5808005269677167 0.368 0.04514096137043157
10 0.495 0.5521201742435772 0.106 0.03561668995996115
6 0.587 0.5505849339009692 0.089 0.03951778685317504
1 0.66 0.5456602323247695 0.075 0.03743633723582161