0 0.505 0.3741237929981122 0.289 0.04136281945256542
0 0.21 0.41055642877149223 0.234 0.031722836511765766
8 0.461 0.4296357793507519 0.353 0.03610752687458694
5 0.771 0.42502860277533566 0.124 0.044442870630166456
2 0.561 0.44947217400384354 0.238 0.03576938072564212
7 0.53 0.47783289166138515 0.176 0.032047945410558894
9 0.77 0.4770402388288048 0.107 0.0392450577211921
4 0.462 0.574624143297283 0.365 0.034247159516216014
10 0.494 0.5472517895862723 0.104 0.032210149560784884
6 0.586 0.5471812726671165 0.087 0.03601233665181053
1 0.659 0.5453318407638732 0.074 0.0338610679567123