0 0.15497154623495424 0.38341921711013094 0.3099430924699085 0.07283843422026189
3 0.5213158457163194 0.30006308739546794 0.3722916748046882 0.07615841485986448
9 0.8889768670159383 0.43621568442552144 0.14702984883076486 0.059849403152399415
7 0.5778921223408429 0.4679092482692198 0.25204730389569296 0.0614602752825499
2 0.5781339626002922 0.4254063393543144 0.2531345792203342 0.06646609311236079
4 0.46969531480943333 0.621795467224164 0.44743131532411384 0.0845947520956861
10 0.5294982477961313 0.5761387191830104 0.1379949387009085 0.057797042684100915
6 0.650216436107734 0.5643397676752305 0.12092511844119554 0.05369813957731458
1 0.7539171693544086 0.5534419130606645 0.1119600285710519 0.05564577910901607
8 0.46964888701567464 0.39527219590492024 0.479448770389042 0.08578092264963663
5 0.8757685418206262 0.36213132589326263 0.16341386025918564 0.08194248842937475