0 0.5085 0.38145836645887077 0.298 0.05473371328366466
0 0.209 0.42921592643048967 0.241 0.044402096984440274
8 0.4675 0.44021983543662163 0.362 0.054106054391565864
5 0.784 0.424561178571789 0.129 0.05175050004561331
2 0.5705 0.45631907190715004 0.244 0.04841955047387307
7 0.54 0.4861416280979159 0.181 0.041053027195782875
9 0.785 0.4765669964015999 0.112 0.04465159693882697
4 0.4765 0.5882721959049202 0.374 0.05217586834929716
10 0.507 0.5594496397141543 0.109 0.03863414344939429
6 0.601 0.5564965157163843 0.091 0.04152942251279683
1 0.6755 0.5519299440373004 0.077 0.0384479728954434