0 0.4943286118904995 0.3662983338001485 0.3035119863526397 0.04752572420113268
0 0.18729987205599744 0.410376420241892 0.24539562581794888 0.03685083309992569
8 0.4510151390451755 0.42581032015278825 0.36946544213876337 0.04429370373009215
5 0.7734395046976265 0.41555769290900846 0.13154689451304694 0.048524323004450136
2 0.5552478601145572 0.44460017059200346 0.24945380608529422 0.04189737731380205
7 0.5240794876384262 0.47346670627627957 0.1854072618714181 0.03715266989178065
9 0.774067851584957 0.46955769290900845 0.11347707819223252 0.042314874042006526
4 0.4562721831190073 0.5767695939656464 0.3814538060852942 0.043433336371721226
10 0.4884405555951384 0.5478914222279012 0.11040726187141797 0.03627996588159931
6 0.5844289195416693 0.5457743610948691 0.09245380608529422 0.04007051691915581
1 0.6604056474347311 0.5428900210312185 0.078418897924887 0.03690761217058844