0 0.4945 0.37224597155953765 0.303 0.05352572420113268
0 0.188 0.4218124219478121 0.246 0.04186246915339484
8 0.452 0.43224050383197377 0.369 0.05129370373009226
5 0.7745 0.4164878765881939 0.131 0.05152432300445003
2 0.5565 0.4485245362444544 0.249 0.04689737731380205
7 0.5245 0.4788968899554651 0.185 0.040152669891780644
9 0.7745 0.4694878765881939 0.113 0.04431487404200652
4 0.458 0.5821706875111593 0.381 0.049433336371721225
10 0.49 0.5537983338001485 0.11 0.03827996588159931
6 0.586 0.5501812726671165 0.092 0.04107051691915558
1 0.661 0.545808568656935 0.078 0.03890761217058843