0 0.500710775328163 0.3770998118392388 0.2933374341290354 0.05970462413460996
0 0.20802202922304913 0.4323044359738486 0.23726180234149302 0.04637882566519647
8 0.46205111837210394 0.43582670720186606 0.3563316162992244 0.059071147412700156
5 0.7734202172013575 0.4115144532157534 0.12830252715016968 0.05274468221580218
2 0.5636325679894573 0.44923619747605403 0.2412967093203588 0.052402096984440275
7 0.534801285053975 0.47840491454057177 0.17924434885206006 0.043041391536160975
9 0.7752169265217161 0.462505726471037 0.11026180234149296 0.04563996127920507
4 0.473891794779787 0.5802627110739456 0.3683257984694135 0.05814096137043157
10 0.5042230777152693 0.5510852672647113 0.10722107753281625 0.03862250778977205
6 0.595691079651309 0.545052935837009 0.09024434885206006 0.04252360468298593
1 0.6686561726724433 0.5386282342608092 0.07622689536262715 0.039442155065632506