0 0.5107688622674986 0.3805154533069799 0.3052967093203587 0.05277443809234137
0 0.20200124209619466 0.4283102538036596 0.24723271319243822 0.041437003963305984
8 0.46642270139374675 0.44027143781866196 0.37227343800111484 0.049164232689675375
5 0.7924954242663836 0.4258748253002905 0.1322908914905479 0.0507679535350461
2 0.5718150715422441 0.45815765677360615 0.2512559845116821 0.04546027528254979
7 0.5396463544777264 0.4873438273275567 0.18622107753281625 0.039082116344837686
9 0.7916812614565922 0.479877734215196 0.11425598451168208 0.04466323259844887
4 0.4720383912624816 0.5922336219248907 0.384261802341493 0.04723404664740678
10 0.5052071083269992 0.5630416335411291 0.11121525970300536 0.03764577910901608
6 0.6012216529015266 0.5599831218792776 0.09323271319243827 0.04054105817241884
1 0.6767449242207705 0.5555438757285504 0.07822107753281625 0.03845379072525452