0 0.4958693380776413 0.37835946335208454 0.2986167108338616 0.05473371328366466
0 0.19644532272436097 0.42611411440879793 0.24150035029917064 0.044402096984440274
8 0.4545558652323173 0.43711511450002444 0.36260507478039244 0.054106054391565746
5 0.7718522342966083 0.4214622754650028 0.1295934387269233 0.05175050004561331
2 0.5587362240610881 0.4532201688003638 0.24454689451304693 0.04841955047387319
7 0.5285853056651606 0.4830427249911296 0.18146544213876337 0.041053027195782986
9 0.7729573090770007 0.47346518437990825 0.11251198635263972 0.04465159693882697
4 0.4657605470655382 0.5836703838832286 0.37458180267345426 0.05217586834929739
10 0.49592891954166923 0.5553478276924627 0.10944217003182519 0.03863414344939429
6 0.589882375327793 0.5518947036946924 0.09147707819223251 0.04152942251279683
1 0.6638300130871821 0.5478252231007031 0.0774421700318253 0.0384479728954434