0 0.17659007279438324 0.3484890012998825 0.3296981632081451 0.0657427163613836
3 0.5542177190833725 0.3098909867570162 0.3646981632081452 0.06635364363387122
9 0.8973238447612769 0.48493880961649405 0.14161671083386135 0.05546116415487859
7 0.5901958481731169 0.4792975145494568 0.24658180267345414 0.054293945972341474
2 0.5952187699808844 0.43820151169235155 0.2466516189942688 0.06029394597234159
4 0.4687725334181779 0.6169444875356276 0.43776797952895957 0.07362786337363104
10 0.5323478174665564 0.5793273633802216 0.1335934387269233 0.05332152363545288
6 0.6503943616804326 0.581267665718692 0.11757016661998523 0.05104224259660146
1 0.7524350878675744 0.5829872490960137 0.10758180267345414 0.05186769194731937
8 0.49370678362824477 0.3959644732501016 0.46975634347549056 0.073186425451334
5 0.892445322724361 0.4095086298762069 0.15787270401018122 0.07774044519373012