0 0.4926904129238247 0.3736463544777264 0.29931416280979156 0.05573953111347566
0 0.19097839549946696 0.42490333908063493 0.24225016668187108 0.04440791481425117
8 0.451033664882671 0.4328907033297866 0.3643025271501697 0.054117690051187765
5 0.7694318528609794 0.41353772453499726 0.13029670932035878 0.0517563178754242
2 0.5551238412447408 0.4477856490294472 0.24527343800111476 0.04842536830368408
7 0.5247983761390695 0.47796309283868127 0.18223271319243828 0.041058845025593885
9 0.770734380011149 0.4655319067051863 0.11226180234149297 0.04565159693882697
4 0.46089470369469243 0.5808383428614879 0.3762967093203588 0.053187504008919174
10 0.49222598663017475 0.5516550812224429 0.10922107753281636 0.03863414344939406
6 0.5862027153109309 0.547108205220213 0.09223853102224916 0.04153524034260772
1 0.6606765350767817 0.5421747768992968 0.07822107753281625 0.03845379072525452