0 0.49186707532727736 0.38870134986671645 0.29192511844119556 0.058079423894111415
0 0.19852050467825877 0.4320957433752128 0.23571565766205696 0.04510194025813121
8 0.44987213662636893 0.44498569220465956 0.3548727532464109 0.056179092984589035
5 0.7596688727301487 0.43338803479994287 0.1268552981814828 0.05119933818095546
2 0.5505928555875175 0.4627486537624095 0.23978547792176982 0.04917176051784395
7 0.520577931172135 0.49173372934702714 0.17768074753220048 0.042089546492294516
9 0.7607612093538814 0.4854229449297993 0.10976802285684152 0.045902602077175746
4 0.4558411522117774 0.5901340602565495 0.36685529818148255 0.055388553763727484
10 0.4873473490946957 0.5616751672693242 0.10562838233741581 0.037832781817463
6 0.5789084418219445 0.559772305710256 0.08969820259712878 0.04155350077861135
1 0.6519957171465856 0.5560465254500159 0.07664583740234411 0.03832658493454437