0 0.16560787717375752 0.3941265953914774 0.3228145237428359 0.07374680921704521
3 0.5286420847358235 0.30689107192873055 0.359837795849774 0.07617734319540136
9 0.888660589713539 0.43321954676006375 0.14067489110120687 0.05962904748567189
7 0.5875213073710807 0.4677278168809927 0.24367489110120688 0.060827560992987625
2 0.5875558652323173 0.42772199885425816 0.24473307136855238 0.06583919704645666
4 0.48726089736470884 0.6184146943348394 0.4329192482240576 0.08402677509864452
10 0.5447489110120691 0.5737398032336325 0.1336283468873305 0.05554759511138809
6 0.6611092783704401 0.5603842030044841 0.11660507478039245 0.05334978220241374
1 0.7604812817822801 0.5482264156843102 0.10762834688733074 0.0552450577211921
8 0.48121841968171386 0.3999554205219812 0.46394252033099587 0.08638749275618625
5 0.8733227938637649 0.36138826953536546 0.1579192482240578 0.08082686039464625