0 0.51 0.3874343872692332 0.292 0.051397727612972746
0 0.213 0.40647847938891507 0.237 0.03975774467217309
8 0.465 0.44091076486312436 0.356 0.04814243503499415
5 0.776 0.45452957749200973 0.126 0.04846614273710463
2 0.5645 0.4665685521832983 0.24 0.04479265283258042
7 0.5325 0.49219619847228757 0.178 0.03807121751749708
9 0.7735 0.505500487358337 0.109 0.043268329828130274
4 0.461 0.5858642206492479 0.368 0.04728206767662323
10 0.494 0.5607482104137279 0.106 0.03623342166772295
6 0.586 0.5668187273328835 0.089 0.04003560875874837
1 0.659 0.5681681592361267 0.075 0.037872704010181224