0 0.15896442629364996 0.3786382314449464 0.3179288525872999 0.052723537110107146
3 0.5351295677157778 0.3152514392871016 0.37027925583092586 0.05230533978356129
9 0.8937016238609304 0.47056827806496565 0.14328507366073678 0.050663955646079104
7 0.5821347188181045 0.48569290872058546 0.25024434885206004 0.0449090133672712
2 0.5843790676701647 0.4436696366136473 0.25027343800111473 0.0499090133672712
4 0.46477949783589406 0.6340485089497337 0.4452967093203588 0.05617804379374274
10 0.5270238466879541 0.5913270736346505 0.13527343800111474 0.04857086721832638
6 0.648047118007198 0.5859191111648914 0.11826180234149297 0.04637305430935203
1 0.7520703893264419 0.5807089616041065 0.10827925583092587 0.04925669377466101
8 0.47809432737317 0.4079088763081048 0.47729089149054776 0.05555039750475339
5 0.8861379610967521 0.39566136649271827 0.15841306591657803 0.0728384964481154