0 0.16348478869798827 0.3763713581806918 0.32696957739597654 0.0547427163613836
3 0.54317320143936 0.3235130103858786 0.36827925583092586 0.05442346389358409
9 0.8997481664994181 0.48875319609771634 0.142285073660737 0.051478619219806884
7 0.5886812614565922 0.49482467090504073 0.2492443488520603 0.04634631116712615
2 0.5914256103086523 0.45286830856736127 0.24927343800111498 0.05134631116712626
4 0.47283185830419266 0.6388173384382957 0.4432967093203588 0.058732593763200384
10 0.5350762071562528 0.5978995524638451 0.13426762017130386 0.048338978700381174
6 0.655102387390402 0.5954941602552313 0.11726180234149297 0.047042242596601454
1 0.7581169319649295 0.5947920319428376 0.10727925583092587 0.049867691947319145
8 0.48614377892656313 0.4135267992174343 0.47529089149054776 0.058291155840903344
5 0.8911845037352398 0.41359610051336243 0.1574130659165778 0.07374044519373024