0 0.1796354553222685 0.3525093934722007 0.3290298488307648 0.0609082481779933
3 0.5550768932445656 0.32269689748111996 0.36304730389569295 0.062106054391565864
9 0.8982188049316446 0.5046749596168447 0.14092511844119554 0.05381449617353371
7 0.5930442542823625 0.49290052152450337 0.24587275324641086 0.051425368303684084
2 0.5978285966203056 0.45193251958846364 0.2459600285710519 0.05642536830368408
4 0.47239196051520776 0.6266849284577558 0.4361345792203342 0.06753075596776557
10 0.5357548506453278 0.5905572695656569 0.13289020831133916 0.051767953535046214
6 0.6528246709050406 0.5952379556535389 0.11683784311655426 0.048674868258071
1 0.7549032186972177 0.6003313742942562 0.10687275324641086 0.05061668995996115
8 0.49607802882839225 0.40834491877755713 0.4671345792203342 0.06771110869190522
5 0.8929358576594206 0.431151688297601 0.15729167480468823 0.07490758145050905