0 0.5115 0.37354815865056323 0.293 0.06140936366644178
0 0.213 0.38902152061108497 0.237 0.04775774467217309
8 0.4645 0.4270950531636101 0.356 0.06114243503499415
5 0.775 0.4439820585614594 0.128 0.053489414844042814
2 0.563 0.45294890189690534 0.241 0.05380428888604934
7 0.53 0.47883289166138515 0.179 0.044082853570966106
9 0.7705 0.4950344208020703 0.11 0.04627996588159931
4 0.4555 0.571699777644832 0.368 0.06028206767662323
10 0.4895 0.546804151826883 0.107 0.0392450577211921
6 0.581 0.5532394529344618 0.09 0.04304724481221774
1 0.654 0.5563900210312186 0.076 0.039884340063650596