0 0.16246950866964474 0.3720371491662869 0.3249390173392895 0.049902430348182404
3 0.5353404611839729 0.31136418973189506 0.36154689451304695 0.049100236561754856
9 0.8840310548695302 0.46482504038315525 0.13955853056651607 0.048808678343722815
7 0.5789088763081048 0.4770994784754966 0.24447707819223252 0.04241955047387307
2 0.5818859545003372 0.4360849339009692 0.24453525845957802 0.04741955047387319
4 0.4637449206620257 0.6207598021590399 0.43458180267345414 0.052524938137954454
10 0.5257103628007891 0.5804020056256664 0.13153525845957803 0.046762135705235325
6 0.6437569070146655 0.5757155017079736 0.11551198635263972 0.04466905042825988
1 0.7448034512285419 0.5711279008970671 0.10554689451304694 0.04761087213015026
8 0.47880485242522436 0.4006870792864031 0.46557016661998524 0.051705290862094216
5 0.875386304799508 0.3913803097663593 0.15480288768936679 0.06989594579088713