0 0.4835 0.3726260318523024 0.304 0.0635373602546017
0 0.179 0.42408285357096615 0.246 0.04986246915339484
8 0.443 0.4331547716868045 0.369 0.06429370373009226
5 0.766 0.4119132169573188 0.133 0.05554759511138832
2 0.548 0.44787655730105835 0.25 0.0549090133672712
7 0.518 0.4785274756969859 0.186 0.04716430594524968
9 0.7675 0.46593067103752245 0.114 0.04832651009547567
4 0.4545 0.5827885863016989 0.381 0.06243333637172122
10 0.4855 0.5536493039592406 0.111 0.04229160193506823
6 0.581 0.5492605470655383 0.093 0.04408215297262495
1 0.657 0.5436448871291887 0.079 0.04091924822405781