0 0.502 0.3711587011585195 0.3 0.04749081604072535
0 0.1985 0.41369024338638666 0.242 0.036815924939518484
8 0.459 0.4291590514576901 0.365 0.043247159516215904
5 0.778 0.4189471504010521 0.129 0.04750105089751196
2 0.562 0.44746053795037444 0.246 0.040862469153394844
7 0.5305 0.47632707363465054 0.183 0.03612939778484247
9 0.7775 0.47195296842778667 0.112 0.04230323798853749
4 0.4625 0.5781183252705484 0.376 0.04237515610437595
10 0.494 0.5502517895862723 0.109 0.03526832982813039
6 0.589 0.5486463645067091 0.091 0.04005888086568666
1 0.664 0.5452736604965278 0.077 0.03589597611711952