0 0.18791726701066575 0.33688223826862657 0.33504730389569304 0.06388644185867429
3 0.5703412498680346 0.2994256297899672 0.37006475896062124 0.06529370373009226
9 0.9205617093472908 0.4798879192361948 0.14394257350612383 0.0556639556460791
7 0.6093697036330803 0.47250673186508013 0.2508902083113392 0.0539090133672712
2 0.6141540459710234 0.4314427335710002 0.2509774836359802 0.0589090133672712
4 0.48576977506071023 0.6114728746021848 0.4451520342852623 0.0711664077402736
10 0.5501239376583662 0.5737165311266942 0.13589020831133894 0.052570867218326385
6 0.6712024854505433 0.576808568656935 0.1188552981814828 0.05037305430935203
1 0.7742635781777919 0.5791100551496192 0.10889020831133917 0.052256693774661016
8 0.5093598405167895 0.387152883131785 0.4771694893501906 0.07253876145128424
5 0.9152263968802821 0.4034344634500711 0.1603265849345446 0.07785013250158443