0 0.15523695556231232 0.38717062493401727 0.3063432519588463 0.06434124986803454
3 0.5218180718159235 0.32157663376267315 0.3713548876184684 0.06747582908836876
9 0.8881762017130396 0.47545645999393665 0.14431416280979148 0.056513529349663374
7 0.5758041939688805 0.4920017522038687 0.2512967093203588 0.05538122129698263
2 0.5775598451168203 0.4500366623337251 0.2513257984694135 0.06038122129698263
4 0.4656826862703347 0.6410642399968365 0.446383976767523 0.07378495895798505
10 0.5269267017586527 0.5981377264899219 0.1363025271501697 0.05437388883023755
6 0.6478772502052595 0.5917497893462362 0.11928507366073678 0.051077152726457825
1 0.7513336164816774 0.5860563885663067 0.10930252715016968 0.053902602077175746
8 0.46936494781815336 0.41465151532147765 0.478389794597334 0.07534352103568802
5 0.8757427733921234 0.40074699921479806 0.1604421550656325 0.0787928103885148