0 0.17751321111955876 0.344633184154615 0.3304130659165779 0.0767601714263119
3 0.5566237498859669 0.33224865376240953 0.3644188837463889 0.07835364363387111
9 0.8900009087324524 0.5310873729808983 0.1423374341290355 0.060478619219806885
7 0.5851289009882935 0.5037635781777919 0.2463374341290355 0.06229394597234159
2 0.5918645230956372 0.46337703609982533 0.24737234110790132 0.06831140103726967
4 0.45536385636815296 0.6330118748020518 0.4374712442146874 0.08862786337363104
10 0.5205645714966308 0.599646454022386 0.1343199806396026 0.057338978700381175
6 0.6395151199432377 0.6102236067488438 0.11830834497998058 0.05505969766152975
1 0.7409714862196556 0.619495295839058 0.10931416280979146 0.05590260207717574
8 0.4916379610967522 0.4146228020745395 0.46947706204449835 0.090186425451334
5 0.8889343370533687 0.45656119038350595 0.15946542638487654 0.08277535532358661