0 0.17570061530233957 0.3639935436351893 0.327558530566516 0.053707806231527114
3 0.5496769928962307 0.32553046545080677 0.36154689451304695 0.05330127843908656
9 0.8971318498790369 0.49956119038350594 0.13955853056651607 0.05042625402502222
7 0.5921260318523024 0.4937373955803996 0.24447707819223252 0.04525903584248499
2 0.59514895366007 0.45279848830764835 0.2445352584595778 0.0502590358424851
4 0.4752434432845052 0.6306689703864058 0.43458180267345425 0.05757549817884637
10 0.53730127325268 0.5937599119444193 0.13153525845957803 0.04828661350559651
6 0.65530127325268 0.5958196096059492 0.11551198635263972 0.046007332466745085
1 0.7563012732526799 0.5975825711636991 0.10554689451304694 0.04883278181746278
8 0.49218932954804107 0.41150934415250606 0.46557016661998524 0.05711660519162115
5 0.8902649638955902 0.4249564599939366 0.15480288768936679 0.07168807999894557