0 0.17710054519241203 0.35049484889767335 0.33297748363598023 0.05793151949723722
3 0.5609110701277475 0.3132318044599857 0.37296002857105215 0.057164232689675375
9 0.9170442542823626 0.4947854983832529 0.14492511844119554 0.053837767492777515
7 0.6029569789577214 0.487958699822613 0.2518203880516262 0.048460275282549675
2 0.606706411165808 0.44498488005676223 0.25192511844119553 0.0544602752825499
4 0.481409415580136 0.6277372889260545 0.4480473038956931 0.06260056992549698
10 0.5452373955803996 0.5896125389488611 0.13687275324641088 0.050791224854289795
6 0.667272305710256 0.5923223141857976 0.11983784311655427 0.04869232174750368
1 0.7712984883076484 0.5944273684861371 0.10987275324641087 0.050634143449394285
8 0.5014558433738947 0.40137691684151744 0.4810298488307649 0.06179255830925854
5 0.9117089418153539 0.4182622270640091 0.1612742197397597 0.07393085276975285