0 0.16345787261617564 0.3800371491662869 0.3269157452323513 0.06192570166742621
3 0.5394102775047874 0.30534091841265126 0.36970979926161407 0.06314677920024246
9 0.900711413698301 0.44922904619127446 0.1436283468873305 0.054831949662966624
7 0.5904496024952466 0.4735325734326706 0.2505934387269233 0.05245445745273878
2 0.5914383167409482 0.43152966451776514 0.2506516189942688 0.05745445745273878
4 0.47820419447488394 0.6241754436267811 0.4447679795289596 0.0685831164360643
10 0.5397103628007891 0.5803205560083129 0.13559343872692328 0.0517854070244789
6 0.6593034512285417 0.5716253253459038 0.11857016661998523 0.04968650391769279
1 0.7623907216295599 0.5635260888753753 0.1085934387269233 0.051628325619583165
8 0.4853281245321625 0.3986492633926319 0.4767796155824287 0.06976928699001474
5 0.8900782996817478 0.3747959512341005 0.15988434006365038 0.07692503493994195