0 0.1635 0.37640249474219534 0.327 0.07080498948439072
3 0.5385 0.30026601479310205 0.373 0.07234024794396851
9 0.9085 0.4460713545766634 0.145 0.05968722775301728
7 0.5955 0.4699292698408399 0.252 0.05793228547420927
2 0.5955 0.4279292698408399 0.252 0.06393228547420926
4 0.487 0.6226667580394442 0.448 0.08021295195414996
10 0.547 0.5783649212475893 0.138 0.055605775378733596
6 0.6685 0.5692787017440831 0.121 0.05340796246975924
1 0.7725 0.560988851304868 0.11 0.05427996588159931
8 0.487 0.39416675803944423 0.481 0.08059694171862974
5 0.896 0.3704259039082999 0.162 0.08088504066199176