0 0.5075031526925358 0.3899263683949105 0.3016981632081452 0.06175116677309757
0 0.20066023941436842 0.40164029464294726 0.24454689451304698 0.04841955047387307
8 0.45913731760660087 0.4441412947341737 0.3656748911012069 0.060123507880998656
5 0.7783874927561862 0.4674971824438685 0.13161671083386137 0.053762135705235095
2 0.5604689451304699 0.4732288955450802 0.2475934387269233 0.052437003963305986
7 0.5272656644939314 0.4985339982464132 0.1845119863526397 0.04507048068521578
9 0.7734983855633132 0.5199651843799082 0.11354689451304693 0.047657414768637864
4 0.4513710895734945 0.5930860253509698 0.37766325504773796 0.0591933218387303
10 0.4860685521832983 0.5672896493943531 0.11045380608529433 0.03963996127920518
6 0.5806732766645201 0.5768394343114884 0.09250035029917081 0.04353524034260795
1 0.6547081848249272 0.5802699537174991 0.07845380608529422 0.03945379072525452