0 0.18004934660724148 0.3500479454105589 0.3347679795289596 0.06988644185867429
3 0.5652468092170452 0.32853364402289104 0.3717912516358979 0.07231697583703044
9 0.911963477402906 0.5230422644429907 0.14566325504773794 0.05868722775301739
7 0.6002773005474005 0.5034176337873708 0.25163998294079964 0.05792064942074012
2 0.6057944043284336 0.4619874501081853 0.25169816320814514 0.06292064942074023
4 0.4728656218459306 0.638416582889859 0.4468610679567123 0.07918967984721166
10 0.538440905894309 0.6026845624188186 0.1376283468873305 0.05559413932526468
6 0.6590165402418581 0.6105867068618431 0.1205934387269233 0.05239632641629032
1 0.7630747205092034 0.616796856422628 0.11061671083386136 0.05427996588159931
8 0.5022533278421211 0.41428893660086963 0.47887270401018145 0.08056203355822254
5 0.90958495536599 0.4475248103627871 0.16191924822405782 0.0808734046085226