0 0.5106503797376509 0.38686457094841864 0.2916632924672723 0.041386091559503714
0 0.21422639688028208 0.4164086630681005 0.2365061968829183 0.031746108618704055
8 0.4686278633736311 0.4423642206492481 0.355558562077703 0.036130798981525006
5 0.779610408308703 0.4449830332781333 0.12575056779191346 0.0444545066836356
2 0.5689944197371236 0.4645278259961565 0.23959347220755944 0.03678101677911127
7 0.5384657064901855 0.4911671083386149 0.17752365194784647 0.03205958146402804
9 0.7795006166200419 0.49597139722466427 0.10866329246727219 0.03925669377466113
4 0.47215884778822265 0.5873758567027171 0.3675236519478466 0.03427043162315408
10 0.5036875610351608 0.5607482104137278 0.10554110701277478 0.0322217856142538
6 0.5957224711650172 0.5638187273328835 0.08862838233741581 0.03702397270527945
1 0.6686875610351608 0.5626681592361268 0.07459347220755945 0.0348610679567123