0 0.53 0.3900834497998063 0.301 0.06675116677309757
0 0.223 0.39679737604784304 0.244 0.052419550473873075
8 0.48 0.4437925583092585 0.365 0.06712350788099866
5 0.799 0.47164844601895334 0.131 0.0557621357052351
2 0.581 0.47438015912016507 0.247 0.05643700396330598
7 0.5465 0.4991794439916871 0.184 0.0480704806852159
9 0.7925 0.5241106301251821 0.114 0.049663232598448986
4 0.468 0.5922227443515271 0.377 0.06619332183873029
10 0.5035 0.567429277309816 0.11 0.04163996127920518
6 0.598 0.5774790622269513 0.093 0.045541058172418845
1 0.6715 0.5834066727180566 0.079 0.04045960855506564