0 0.4955 0.36611726532867156 0.306 0.06778025592215227
0 0.1835 0.37593242822968964 0.248 0.05344282179311699
8 0.4455 0.42140815681921934 0.373 0.06817005051948627
5 0.7695 0.44602317996046986 0.134 0.05677958919466801
2 0.548 0.4508118292635965 0.252 0.0584660931123608
7 0.513 0.4770154533069799 0.187 0.04908793417464869
9 0.7635 0.49955808693933557 0.116 0.05067486825807077
4 0.4335 0.5719779707769508 0.384 0.06723404664740701
10 0.4685 0.5467743467335674 0.112 0.04265159693882697
6 0.565 0.5567129261568102 0.095 0.04555269383204086
1 0.641 0.5607707710911777 0.08 0.042465426384876534