0 0.15894041853597202 0.381 0.31788083707194403 0.054
3 0.5288230071037692 0.316 0.36362834688733076 0.054
9 0.882571781056672 0.4665 0.1415934387269233 0.051
7 0.5768914222279012 0.482 0.24552362240610887 0.045
2 0.5788685004201337 0.441 0.2455934387269233 0.051
4 0.4631925584214148 0.628 0.436674891101207 0.058
10 0.5241812726671164 0.586 0.13257016661998522 0.049
6 0.6432510889879308 0.58 0.11654689451304694 0.047
1 0.7448150872820108 0.5745 0.10757016661998522 0.049
8 0.47378158031828616 0.4055 0.4686632550477379 0.057
5 0.8739444850668533 0.3915 0.156837795849774 0.072