0 0.16450515110232664 0.37142576684913353 0.32901030220465327 0.058851533698267074
3 0.5412284708225641 0.31081837703371296 0.3663199806396026 0.059258795569684934
9 0.8988470696062044 0.46648990220237985 0.1423025271501697 0.05365231959261007
7 0.5902510754143236 0.47940017970716725 0.24727343800111476 0.049874105206863986
2 0.5919896064365728 0.43841763378737086 0.24730252715016968 0.05487410520686399
4 0.4763929455172077 0.6255853056651606 0.44033743412903537 0.06311986352639724
10 0.5381402032841732 0.5838009229535094 0.13328507366073677 0.050547595111388316
6 0.658175110263039 0.5791972493697994 0.11727343800111475 0.04836141825588288
1 0.7612071083269993 0.5748957628771152 0.1082908914905479 0.051256693774661015
8 0.48619323047995616 0.4021842121196479 0.4723374341290354 0.06349221723740789
5 0.889777589012215 0.39237935969442356 0.15841888374638893 0.0738384964481154