0 0.5116235078809988 0.3561066444190732 0.3043490697886574 0.06530633973817816
0 0.20694639743550672 0.41693043922217954 0.24627343800111492 0.05129394597234159
8 0.47147839549946696 0.41781357454866597 0.3693490697886573 0.06644091895851227
5 0.7933358586690986 0.3876930436417799 0.1333141628097917 0.056321523635452876
2 0.5765569362019148 0.4294807927312031 0.2503025271501697 0.05636376623205433
7 0.54574019784096 0.4615218997439779 0.18626180234149298 0.048246642076648416
9 0.7951500214788901 0.44166686104438757 0.11427343800111499 0.04898987740181678
4 0.48334816105620476 0.5671215688344555 0.38133743412903537 0.06465037973765084
10 0.5146794439916871 0.5375717342892167 0.11123853102224916 0.04293751220703211
6 0.6101445370128212 0.529904775588572 0.09325016668187118 0.04462332103832432
1 0.6851096300339556 0.5225956457189557 0.07923271319243805 0.04137895012932904