0 0.16665482441670054 0.348 0.3333096488334011 0.044
3 0.551868210911104 0.294 0.37375056779191346 0.043
9 0.9099357600031636 0.462 0.14383784311655426 0.048
7 0.5938310296135941 0.468 0.2516807475322005 0.039
2 0.5985815974055075 0.425 0.2517680228568415 0.044
4 0.4712825901340744 0.614 0.44976802285684153 0.044
10 0.5359982477961313 0.573 0.13578547792176981 0.045
6 0.6580331579259878 0.571 0.11876802285684153 0.044
1 0.7630680680558442 0.569 0.10880293298669813 0.046
8 0.49227980000263627 0.385 0.48175056779191333 0.043
5 0.9042798000026362 0.385 0.16020439948004697 0.069