0 0.16750224218742116 0.373019695676854 0.3350044843748423 0.06396060864629204
3 0.5487488332269025 0.2977972846890691 0.3733548876184682 0.06317005051948626
9 0.915387794414881 0.443659232233543 0.14431998063960236 0.05583776749277763
7 0.6017568932441345 0.46798312187927754 0.2522967093203588 0.05246609311236079
2 0.6030070599260057 0.4249773040494665 0.2523316162992246 0.0584660931123608
4 0.4888784009426803 0.6196347188181046 0.448389794597334 0.06960638775530788
10 0.5506343854543624 0.5752769222847307 0.1373025271501697 0.05279704268410092
6 0.6716838370077556 0.5660729648776052 0.12029089149054789 0.050698139577314574
1 0.7762274707313376 0.5579650016623602 0.10930252715016968 0.05263414344939429
8 0.4952019572246727 0.39210562966904966 0.481389794597334 0.06979837613906943
5 0.9038270405656083 0.3682290461912745 0.1614421550656325 0.07693667059956374