0 0.17601465168683847 0.34459448962443523 0.3317679795289596 0.06985153369826708
3 0.5573113710503002 0.3235278259961565 0.36576797952895956 0.0702471595162159
9 0.8946237929981123 0.5154782661489107 0.14266325504773794 0.058652319592609956
7 0.5873157878803521 0.4954001797071672 0.24763998294079964 0.057874105206863875
2 0.59378704804585 0.4549699960279817 0.24769816320814517 0.06287410520686387
4 0.4592507386887603 0.6284282189433279 0.43984943190324316 0.07810822747292832
10 0.5251638185869129 0.593690380445553 0.13561671083386137 0.05457086721832639
6 0.6430940022660981 0.6010634347549051 0.11859343872692352 0.052373054309352025
1 0.7455300039720182 0.6077561302354861 0.10860507478039244 0.05325669377466102
8 0.4933281245321625 0.40729475462760417 0.4718610679567123 0.07948058118393886
5 0.8930023150350281 0.43994917601523803 0.15990761217058866 0.07985013250158443