0 0.16779938469766043 0.35899859880331747 0.33250035029917063 0.04686316975173611
3 0.5504044594780528 0.3025536263781271 0.36748871424570145 0.046270431623154085
9 0.9034845106556538 0.463422827396602 0.14154689451304694 0.04864068353914092
7 0.5924263303883084 0.4720416400254874 0.2484421700318253 0.04088574126033302
2 0.5969034085805409 0.430995095811611 0.24850035029917059 0.04588574126033291
4 0.4727507386887603 0.6174146943348394 0.44250035029917056 0.04814313563333553
10 0.5362161808275236 0.576681622966287 0.13351198635263972 0.04554759511138832
6 0.6562394529344617 0.5732852965499969 0.1165003502991708 0.044349782202413736
1 0.7602627250414 0.570075146989212 0.10653525845957802 0.04723342166772295
8 0.4913688507193043 0.39222851747933396 0.47448871424570166 0.04751548934434618
5 0.8973688507193043 0.38750427977088564 0.15679125163589766 0.0698152243411771