0 0.5154391543984558 0.3815 0.2956167108338616 0.053
0 0.21665442138763386 0.4 0.23847707819223246 0.041
8 0.46956168325905184 0.435 0.35860507478039244 0.052
5 0.7832420420878227 0.4505 0.12858180267345415 0.05
2 0.5703700386759827 0.4615 0.24154689451304695 0.047
7 0.5371725760661787 0.4875 0.17946544213876336 0.04
9 0.780347116868215 0.5025 0.11151198635263973 0.044
4 0.4652721831190073 0.582 0.37058180267345414 0.05
10 0.49847546375554563 0.5565 0.10743053397835615 0.037
6 0.5915452800763601 0.5625 0.09047707819223251 0.041
1 0.6645801882367673 0.5655 0.0764421700318253 0.038