0 0.1620335069637247 0.3596373693517724 0.3240670139274494 0.0547252612964553
3 0.5409742757988674 0.29349571714658557 0.3705585305665161 0.054458374023440455
9 0.8991125072438138 0.44721189377242715 0.14357016661998523 0.05149607428473519
7 0.5859786926289193 0.4641753290949593 0.2504887142457014 0.046363766232054446
2 0.5899674068746209 0.4221142363677105 0.25054689451304696 0.05136376623205433
4 0.4687681927689639 0.6131913890941685 0.4455934387269233 0.05876750389305698
10 0.5317569070146655 0.5701004475361549 0.13554689451304694 0.049356433765309245
6 0.6528092692552764 0.5634883846798404 0.11852362240610864 0.04705969766152975
1 0.756849995442418 0.5581730579273059 0.10855853056651586 0.049885147012247444
8 0.48341539493318064 0.3854819283150298 0.4775818026734541 0.05832606597075983
5 0.8904968473074643 0.3713777168892452 0.1588261597963051 0.0737579002586583