0 0.5072921335867424 0.3765358157113183 0.3013199806396026 0.056751166773097564
0 0.20168741265014523 0.3963131627185651 0.24325016668187108 0.044413732644062065
8 0.45997506186204545 0.4313092537124331 0.3653025271501697 0.05412350788099866
5 0.7783848854999755 0.4449562749176439 0.13029670932035878 0.0517563178754242
2 0.561320889372055 0.45721874398662116 0.24627343800111498 0.04843118613349497
7 0.5266638079671593 0.48441945911509915 0.18323271319243803 0.04106466285540478
9 0.774076540519995 0.4979795462368877 0.11326180234149297 0.04565741476863786
4 0.452108205220213 0.5803499785211098 0.3772967093203588 0.05319332183873007
10 0.4857565598803924 0.5546550812224429 0.11022107753281625 0.03863996127920518
6 0.5807216529015267 0.5601023873904021 0.09224434885206005 0.04253524034260795
1 0.6552041994120937 0.5626689590694859 0.07822107753281625 0.03845379072525452