0 0.5071481160025624 0.36804815865056323 0.29962834688733053 0.05747917998725632
0 0.2055663133291081 0.4215506107447577 0.24250035029917064 0.045815924939518485
8 0.46545577082115175 0.42802523684279564 0.36460507478039245 0.05623552346274687
5 0.7831594017568608 0.4068307898663613 0.1305934387269233 0.05251268695098099
2 0.569275411992381 0.44231508728201085 0.24554689451304693 0.0498508330999257
7 0.538432148415043 0.4721699869128179 0.18246544213876337 0.04211776173137344
9 0.7840543269764684 0.4588133357861577 0.11252362240610887 0.04630323798853749
4 0.47223945293446185 0.5754263303883086 0.3765934387269233 0.05537515610437595
10 0.5045710804583307 0.5465539766772977 0.1094421700318253 0.03926832982813039
6 0.5981176246722071 0.5414660056779382 0.09247707819223251 0.04207051691915558
1 0.6731758049395525 0.535593301667757 0.0784421700318253 0.03890761217058843