0 0.1635 0.3816460968842364 0.325 0.06467289610167062
3 0.5315 0.30472263299065233 0.359 0.06626636830923008
9 0.8855 0.44154354000606333 0.139 0.055426254025022215
7 0.583 0.4673236971468491 0.243 0.05424158077755692
2 0.585 0.42728878701699274 0.243 0.05924158077755692
4 0.4755 0.6152001166266325 0.432 0.07154058804899001
10 0.5355 0.5721528127309395 0.132 0.05230406857052458
6 0.652 0.5616192976668022 0.115 0.05000733246674508
1 0.752 0.5528737911739804 0.105 0.051832781817463
8 0.48 0.39662156883445554 0.463 0.07308169506176478
5 0.8735 0.36925300078520196 0.155 0.07670553506387376