0 0.155958608463839 0.388 0.311917216927678 0.06
3 0.5246586568648327 0.3165 0.3693548876184682 0.061
9 0.8868092537124332 0.4625 0.14331416280979148 0.054
7 0.5766841703714977 0.484 0.2502967093203588 0.051
2 0.5784256103086522 0.4425 0.2503257984694135 0.056
4 0.4653114958998543 0.634 0.4443839767675231 0.066
10 0.5265645714966308 0.5905 0.13529670932035878 0.051
6 0.6461111141351185 0.5825 0.118285073660737 0.049
1 0.7501547478587006 0.575 0.10829670932035879 0.051
8 0.4706234165222247 0.4085 0.476389794597334 0.067
5 0.8762484998631603 0.387 0.1594421550656325 0.076