0 0.1579411549744061 0.3960749650600581 0.3158823099488122 0.06785006987988379
3 0.5266528390350217 0.3144252769449101 0.369389794597334 0.06914677920024247
9 0.8923383428614879 0.452293042319195 0.1443316162992244 0.05783776749277752
7 0.5811783525416867 0.4816023873904021 0.2503199806396026 0.05645445745273878
2 0.5824227013937469 0.43959656956059107 0.2503490697886573 0.06145445745273878
4 0.4727940424104214 0.6342278040950798 0.4444305194060107 0.0765831164360643
10 0.533052935837009 0.5893787343064225 0.13630834497998057 0.0537912248542898
6 0.6526111141351184 0.5786835036440133 0.11929670932035878 0.05169232174750368
1 0.7561663835183227 0.5685813582585795 0.10930834497998057 0.05363414344939429
8 0.4746059630327919 0.4087248951801743 0.4764363372358216 0.07776928699001473
5 0.8797717711824041 0.3778686741067374 0.1604596085550654 0.07993085276975284