0 0.5010241709116312 0.3769052971355604 0.2987680228568415 0.047467543933787285
0 0.19832596831450258 0.4133912089878969 0.24159347220755945 0.03680428888604945
8 0.45602050467825883 0.4338933107829207 0.3646807475322005 0.043235523462746867
5 0.7751339626002921 0.4311052118395587 0.12980293298669812 0.04750105089751196
2 0.5591626758472302 0.45559764231697103 0.2456632924672722 0.040850833099925696
7 0.5271652064967761 0.4837311066326948 0.18259347220755945 0.03611776173137343
9 0.7732088441590966 0.4840935757860897 0.11171565766205685 0.04229160193506846
4 0.4574197000039543 0.582939854996797 0.3756632924672723 0.0423635200509068
10 0.49039971428948037 0.5558180267345424 0.10859347220755944 0.035256693774661015
6 0.5844084418219445 0.5564118157606363 0.09166329246727219 0.03905888086568666
1 0.6594520794842649 0.5547845197708177 0.07761092727248751 0.03589597611711952