0 0.5034019854571338 0.3720656127307668 0.3026807475322005 0.042514088147663526
0 0.19479105818464612 0.41064951719924486 0.24552365194784653 0.032850833099925696
8 0.4573895916912971 0.43058923513687564 0.36859347220755945 0.038282067676623115
5 0.7804070467562253 0.42583078986636125 0.13078547792176984 0.04651268695098099
2 0.5610230353278045 0.4503790855760908 0.24861092727248751 0.03788574126033291
7 0.5275168384448863 0.4797630753405706 0.18455856207770285 0.034141033838311616
9 0.7774819283150298 0.47885406197329944 0.11268074753220049 0.04030323798853749
4 0.4557713319520645 0.5805775990834066 0.38055856207770294 0.03642170031825208
10 0.48924261870512636 0.5531936093189267 0.10957601714263114 0.03426832982813016
6 0.5852251636401982 0.5530765481858946 0.09164583740234411 0.03805888086568666
1 0.6612426187051265 0.5511922081222442 0.07761092727248751 0.03589597611711952