0 0.1625 0.39839085868872626 0.325 0.07078171737745254
3 0.5385 0.323266014793102 0.373 0.07234024794396851
9 0.908 0.4680655365499289 0.145 0.05968722775301728
7 0.594 0.49241181576063625 0.252 0.05793228547420927
2 0.5955 0.44992926984083986 0.252 0.06393228547420926
4 0.4855 0.6451493039592405 0.448 0.08021295195414996
10 0.5465 0.6003591032208547 0.138 0.055605775378733596
6 0.667 0.5912612476638794 0.121 0.05340796246975924
1 0.772 0.5829830332781334 0.11 0.05427996588159931
8 0.4855 0.41664930395924055 0.481 0.08059694171862974
5 0.8945 0.3924084498280962 0.162 0.08088504066199176