0 0.16505551493314666 0.3896324134182119 0.3217563434754905 0.06873517316357618
3 0.530647902762558 0.30736779982179235 0.36276797952895956 0.07021225135580858
9 0.8917478601145572 0.44068463859965645 0.1416516189942688 0.057640683539140924
7 0.5880620335582225 0.47122199885425825 0.24562834688733073 0.056850833099925696
2 0.58808495536599 0.43021618082752366 0.245686527154676 0.061850833099925694
4 0.48429580552511614 0.6214496024952466 0.4358377958497741 0.07706168325905173
10 0.5427780011457419 0.5762630753405706 0.13361671083386137 0.05454759511138832
6 0.659161640611051 0.5649074751114223 0.11758180267345415 0.05136141825588288
1 0.7605569161298292 0.5547264156843101 0.10760507478039244 0.0532450577211921
8 0.48221841968171386 0.3999437844685121 0.4668494319032432 0.07842240091659346
5 0.8778926101845794 0.3673359072947545 0.15789597611711953 0.07882686039464624