0 0.17008273298933427 0.34207209142736633 0.32923930960990344 0.07672526129645531
3 0.5514231067554345 0.3292224711650172 0.3702916748046882 0.08044091895851238
9 0.888019369094432 0.5301571932406112 0.14602984883076486 0.06153098441459156
7 0.5773859254579246 0.5037286680479355 0.2510298488307649 0.06336376623205445
2 0.5856103106524456 0.46235958103489716 0.25211712415540594 0.06838122129698262
4 0.4450644018224717 0.6344595096072672 0.4454138602591856 0.08875004882812845
10 0.5116753290949594 0.6006115438925297 0.1369600285710519 0.05737388883023777
6 0.6315356885755335 0.6107061516839157 0.11992511844119554 0.05507715272645783
1 0.7348873205236437 0.6210127509039862 0.11096002857105214 0.05692005714210382
8 0.4844481537690001 0.4125791644122189 0.477448770389042 0.09130861090583153
5 0.8883284989640483 0.455139738175683 0.16241386025918564 0.08381026545344299