0 0.16568750400891924 0.37409750525780466 0.3273141628097916 0.057804989484390716
3 0.5393122539861126 0.305245621260367 0.36331416280979145 0.058223887409277725
9 0.8956907462875668 0.4521090042521074 0.1412967093203588 0.05264068353914092
7 0.5902809226496366 0.47116381858691275 0.24526180234149297 0.047850833099925695
2 0.5915423916273874 0.4301463645067091 0.2452967093203588 0.05385083309992569
4 0.48013032580203613 0.6184554205219812 0.43633743412903536 0.06307331931252089
10 0.540385976949976 0.5757514392871016 0.13228507366073677 0.050535959057919175
6 0.6578481610562048 0.5678842030044841 0.11627343800111475 0.04834978220241373
1 0.7598219808220554 0.5621973255506375 0.10728507366073677 0.050245057721192095
8 0.4858416764989095 0.39687396814769754 0.4683316162992245 0.06244567302353164
5 0.8857602268815562 0.3782195467600637 0.1564188837463887 0.07381522434117721