0 0.500789224671837 0.3829263683949105 0.29225016668187104 0.04469880630479895
0 0.20506814713902066 0.41920719968577325 0.23619198838376154 0.034373007835385466
8 0.45846051728751797 0.4391820195428504 0.35622107753281623 0.04007114741270015
5 0.7694983331812892 0.43449136461405746 0.12626180234149298 0.0457330465561804
2 0.5583470696062044 0.459263802523946 0.24022107753281624 0.03939627915462927
7 0.5276870792864031 0.48658635871471184 0.17719198838376155 0.03402975587653907
9 0.768698714946025 0.48598845569915206 0.10923271319243827 0.04063414344939417
4 0.4611169319649294 0.5842023819471888 0.3672094418731945 0.038135143540620677
10 0.49277692228473075 0.5568856435862337 0.10619198838376155 0.03361668995996115
6 0.5847798311996362 0.5569208839288418 0.08922107753281626 0.038517786853175036
1 0.6577943757741637 0.5548455855050415 0.07520362404338357 0.03543633723582161