0 0.158 0.35708078288986905 0.315 0.04583261639045088
3 0.534 0.30189327888094986 0.371 0.04415841485986448
9 0.893 0.4668046779788169 0.142 0.048826131833155616
7 0.579 0.4746314765394569 0.25 0.03945445745273878
2 0.582 0.432614023050024 0.25 0.04545445745273878
4 0.459 0.6203296161167715 0.446 0.04659475209568609
10 0.523 0.5789572750088703 0.135 0.0457854070244789
6 0.644 0.5772533176017448 0.118 0.04468650391769279
1 0.749 0.5746424454715945 0.107 0.04662250778977227
8 0.475 0.3932365308397962 0.479 0.04478674047944765
5 0.885 0.39085122061730454 0.158 0.06891921711013095