0 0.5157979514165534 0.3845274756969859 0.30025598451168206 0.04749081604072535
0 0.21106814713902067 0.4204842974156496 0.2421978062135725 0.036815924939518484
8 0.471460517287518 0.44201548934434615 0.36522689536262737 0.043247159516215904
5 0.7914983331812891 0.43923902645445323 0.12926762017130386 0.04750105089751196
2 0.5743499785211098 0.46221400285166186 0.24622107753281625 0.040862469153394844
7 0.5426783525416866 0.4913474671673857 0.18319780621357246 0.03612939778484247
9 0.7896899882013085 0.4922215723742496 0.11223853102224916 0.04230323798853738
4 0.47409366064568564 0.5910562155314879 0.37622107753281625 0.04237515610437595
10 0.506753650965487 0.5639343872692332 0.10919780621357245 0.03526832982813016
6 0.6017594687952978 0.5640398123487962 0.09122689536262715 0.04005888086568666
1 0.6757711044549198 0.5629008803055086 0.07720362404338357 0.03589597611711952