0 0.16348696274984834 0.3735 0.32697392549969667 0.055
3 0.5399102775047874 0.3085 0.36663998294079964 0.055
9 0.8966474154042211 0.46 0.14260507478039244 0.052
7 0.5874554205219812 0.4765 0.24754689451304693 0.047
2 0.5899441347676827 0.4345 0.24760507478039245 0.052
4 0.4732391026352911 0.624 0.4406748911012069 0.058
10 0.5352336349077272 0.5815 0.13357016661998522 0.049
6 0.6548034512285418 0.5755 0.11754689451304694 0.047
1 0.7578674495226216 0.57 0.10858180267345414 0.05
8 0.4838513966391007 0.3995 0.47267489110120686 0.058
5 0.8875201194144025 0.385 0.158837795849774 0.072