0 0.17228206767662319 0.36702260459175956 0.32648871424570153 0.043896612518371514
3 0.5456769928962308 0.3128467362424622 0.3604770781922325 0.04309441873194396
9 0.8955620335582225 0.4728221314682497 0.138535258459578 0.04680286051391181
7 0.5906318498790369 0.4805965695605911 0.24343053397835615 0.03841373264406207
2 0.5931547716868044 0.4395791160711583 0.24348871424570143 0.043413732644062064
4 0.4762725334181779 0.622271437818662 0.4334887142457017 0.044519120308143555
10 0.5378070912794145 0.5819107323703827 0.13051198635263972 0.0447563178754242
6 0.6557838191724763 0.57922422845269 0.11448871424570144 0.04266323259844899
1 0.7567605470655383 0.5766366276417835 0.10452362240610864 0.045605054300339364
8 0.4897009656015102 0.40117835254168666 0.4644770781922325 0.043699473032283324
5 0.8867009656015102 0.3988686741067374 0.1537679795289596 0.06689012796107613