0 0.4857368642035384 0.3833216059070867 0.3063257984694135 0.05956063236153989
0 0.17412632543713022 0.4059462365627065 0.24725598451168207 0.04687410520686399
8 0.4374052479043139 0.44088013647360275 0.37230834497998055 0.057328611890499474
5 0.7618179804571495 0.4521042371228848 0.1333025271501697 0.05354759511138832
2 0.540753984329229 0.46567580493955246 0.25127925583092586 0.050920649420740344
7 0.5060939940094278 0.4935772487842359 0.18624434885206018 0.044164305945249796
9 0.7575067265622636 0.5056507813367611 0.11526762017130386 0.0473381461489447
4 0.42952966451776514 0.5914615888478864 0.38430252715016966 0.05646824453212844
10 0.46418092809284994 0.5650601450032029 0.11222689536262738 0.040303237988537605
6 0.5606402032841734 0.5709372658434363 0.09424434885206029 0.04309378902609387
1 0.6366285676245513 0.5720529257797857 0.07922689536262714 0.03991924822405781