0 0.506 0.37411215694464317 0.294 0.04642099971991093
0 0.2075 0.4065855189051649 0.237 0.03575774467217309
8 0.461 0.4301357793507519 0.358 0.043165707141932214
5 0.775 0.4309820585614594 0.127 0.04647777879057378
2 0.5625 0.4514547199236399 0.241 0.04080428888604933
7 0.5305 0.47932707363465055 0.179 0.036082853570966106
9 0.772 0.48251696672186667 0.11 0.04127996588159931
4 0.4595 0.5771532334309557 0.369 0.04129370373009215
10 0.493 0.5502634256397413 0.106 0.03523342166772295
6 0.586 0.5516812726671164 0.089 0.03903560875874837
1 0.659 0.5513318407638733 0.075 0.03587270401018122