0 0.1609440638893116 0.3951722794816287 0.3218881277786232 0.07565544103674256
3 0.52617320143936 0.30478372571790113 0.3624188837463887 0.07831873350401475
9 0.8859110657341248 0.4294911748112787 0.1413374341290355 0.06046116415487859
7 0.5837219862652688 0.4672626044196004 0.2453374341290355 0.06227649090741329
2 0.583460517287518 0.42627133195206457 0.2463665232780902 0.06729394597234159
4 0.47934640287872005 0.6195692036396709 0.43546542638487656 0.08759295324377467
10 0.537108205220213 0.5735655374062985 0.1333199806396026 0.05732152363545288
6 0.65418092809285 0.5590232948096969 0.11730252715016969 0.05404224259660145
1 0.7562391063909595 0.5472428781870188 0.10831416280979148 0.05588514701224744
8 0.47662923435203575 0.3991390238993838 0.46647124421468744 0.08913406025654945
5 0.8733299494805137 0.3577180906553455 0.15845960855506563 0.08175790025865831