0 0.5065 0.3691063389179086 0.296 0.05644427182684899
0 0.205 0.39011460903883766 0.239 0.04478101677911127
8 0.4595 0.4236532334309556 0.36 0.05618897924887051
5 0.7745 0.4354878765881939 0.128 0.05248941484404281
2 0.5605 0.44847799203057803 0.242 0.04981592493951848
7 0.527 0.47536779982179234 0.18 0.04209448962443525
9 0.7695 0.4870460568555394 0.111 0.045291601935068454
4 0.453 0.5702288677785047 0.371 0.05431697583703044
10 0.4865 0.5448390599872903 0.108 0.03925669377466102
6 0.58 0.5497510889879309 0.091 0.04205888086568666
1 0.653 0.5514016570846877 0.077 0.038895976117119514