0 0.49228922467183694 0.3828769168415174 0.2933374341290354 0.05970462413460996
0 0.19797797077695087 0.4346664748770966 0.23726180234149302 0.04637882566519647
8 0.45294597271299064 0.44165002147889015 0.3563316162992244 0.059071147412700156
5 0.7635768738837371 0.4209564576351918 0.12830252715016968 0.0527446822158023
2 0.5543645230956372 0.45624053120470215 0.2412967093203588 0.052402096984440275
7 0.5251958060311196 0.4850718141401844 0.17924434885206006 0.043041391536160975
9 0.7657830734782839 0.4714710022097192 0.11026180234149296 0.04563996127920507
4 0.46310529630530756 0.5862140176068107 0.3683257984694135 0.05814096137043157
10 0.4937740133698253 0.5573914614160449 0.10722107753281625 0.03862250778977205
6 0.5853060114337855 0.5524237928437471 0.09024434885206029 0.04252360468298593
1 0.6583409184126513 0.546848494419947 0.07622689536262715 0.039442155065632506