0 0.16956242066798366 0.3525509610439283 0.31738397676752306 0.06968862894969993
3 0.5489024303481824 0.32063507875241065 0.37540143025695577 0.0733635200509068
9 0.8985223625867914 0.5090799141184347 0.1463374341290355 0.05969886380648631
7 0.582929277309816 0.49675108898793086 0.2533257984694135 0.05894392152767841
2 0.5896820195428504 0.4541696366136473 0.2533548876184682 0.06394392152767842
4 0.4537292289088224 0.6357637759389119 0.4514363372358216 0.08024786011455717
10 0.5205168781207224 0.5984841603564832 0.1383141628097917 0.055605775378733596
6 0.6420546940144938 0.6035703798599894 0.12130252715016968 0.05340796246975924
1 0.747086692078454 0.6078485942457356 0.11130834497998057 0.054291601935068226
8 0.485411490456641 0.40887978617443205 0.4834421550656325 0.08162021382556782
5 0.8955802075211586 0.4331090042521074 0.16346542638487654 0.08189667671546079