0 0.5184583740234404 0.3789369932432474 0.2996807475322005 0.04421906441353701
0 0.2140518462309999 0.40761319844014104 0.24252365194784659 0.03422412571262862
8 0.474453312724349 0.4351515153214776 0.36457601714263116 0.039353643633871116
5 0.7944358576594207 0.43973713609850723 0.12876802285684152 0.04623424831081183
2 0.5778373241527697 0.45894938700908405 0.24559347220755945 0.038276490907413294
7 0.5463260659707598 0.4863908249313811 0.18254110701277476 0.03417682181693567
9 0.7933609761006162 0.4927022259686509 0.11168074753220049 0.040937512207032116
4 0.4780541173986533 0.5841689703864058 0.37654110701277477 0.03756310441300979
10 0.5105828306455915 0.557744987529037 0.10855856207770284 0.03388514701224767
6 0.6056002857105197 0.5604032186972177 0.09064583740234411 0.03857095584353965
1 0.6805828306455914 0.5607123485668339 0.07659347220755944 0.035326584934544374