0 0.1634324282296897 0.4049141307956644 0.3268648564593794 0.07582826159132879
3 0.5361557479499272 0.3232601967663676 0.36943051940601074 0.07829370373009215
9 0.9038732498403537 0.4620480824697253 0.1453432519588464 0.060687227753017166
7 0.5941870792864031 0.4904467239210435 0.2503432519588464 0.0619090133672712
2 0.5949256103086523 0.44945254194777806 0.2513723411079011 0.06692064942074034
4 0.4882940424104214 0.6427249383067897 0.4444712442146874 0.08616640774027359
10 0.5475558447519144 0.5984114654614657 0.1363199806396026 0.05658250327179553
6 0.6671285676245513 0.5873019738510213 0.11930834497998058 0.054384690362820946
1 0.7706925637524719 0.5775063053850715 0.11031998063960259 0.05627996588159931
8 0.48610596303279185 0.4171842121196479 0.4764828798743093 0.08853876145128424
5 0.8903095870761754 0.38688517772115805 0.16147124421468742 0.0828734046085226