0 0.1505151838972748 0.36771386579249554 0.3010303677945496 0.05857226841500892
3 0.5176936602618218 0.2979143440356687 0.3729600285710519 0.059328611890499476
9 0.8799968527304123 0.4481671845194528 0.14492511844119554 0.05467559169954825
7 0.5657001166266326 0.46882090530874543 0.2518203880516262 0.04992064942074023
2 0.5679332293536177 0.4268034512285418 0.25192511844119553 0.05592064942074035
4 0.44859931195232816 0.6191532334309556 0.4480473038956931 0.06520131590068104
10 0.5118498797442415 0.5754259800891378 0.13687275324641088 0.05158250327179553
6 0.6324458826013467 0.5685238356461132 0.11983784311655427 0.04938469036282095
1 0.7375418854584518 0.5618020500318591 0.10987275324641087 0.05126832982813039
8 0.4605703392234976 0.3915601450032029 0.4810298488307649 0.0645853056651606
5 0.8703147101324927 0.3727951811076127 0.16127421973975992 0.07486176855505346