0 0.16626313579646163 0.38613736935177234 0.32838397676752307 0.0717252612964553
3 0.5418035272413961 0.3005742649387625 0.3713956124271449 0.07447582908836875
9 0.9101209323298354 0.43465952857764256 0.14533161629922461 0.05953098441459156
7 0.5992809226496366 0.4675880537703182 0.2513199806396026 0.05938122129698263
2 0.5995365737975766 0.4255793262378541 0.2513490697886573 0.06438122129698264
4 0.49167105061071276 0.6224819283150298 0.4464305194060107 0.08178495895798506
10 0.5514092482692198 0.5764346244193367 0.1373141628097917 0.05639134389516585
6 0.6718481610562048 0.5638312890954865 0.12029670932035878 0.053094607791386125
1 0.7757928916730007 0.552515962342952 0.11030834497998057 0.054920057142103816
8 0.4903474943287205 0.3949819283150298 0.47843633723582163 0.0833435210356879
5 0.8966816861791083 0.35938644442170936 0.16145960855506564 0.08181026545344298