0 0.16068459509401373 0.3773443144748499 0.3173548876184683 0.06468862894969982
3 0.5332628024327195 0.3091845624188185 0.3733548876184682 0.0653402479439685
9 0.9016238412447408 0.46146081206870715 0.14431998063960236 0.05667559169954825
7 0.5872547424154873 0.48030127325267996 0.2522967093203588 0.053932285474209266
2 0.5890103935634272 0.4383245453596181 0.2523316162992244 0.059932285474209264
4 0.47713323471694163 0.6300096713176117 0.448389794597334 0.07221295195414995
10 0.5383772502052595 0.5867252886059603 0.1373025271501697 0.053594139325264675
6 0.6593336164816774 0.5806332510757195 0.12029089149054789 0.05139632641629032
1 0.7632899827580952 0.5743434006365044 0.10930252715016968 0.053268329828130394
8 0.4798096784349493 0.40255621553148796 0.481389794597334 0.07259694171862975
5 0.8891845950940137 0.3858211794270781 0.1614421550656325 0.0778734046085226