0 0.508 0.386911115162295 0.292 0.051397727612972746
0 0.21 0.40644357122850777 0.237 0.03975774467217309
8 0.463 0.4408874927561862 0.356 0.04814243503499415
5 0.774 0.45450630538507153 0.126 0.04846614273710463
2 0.5625 0.46654528007636015 0.24 0.0447926528325803
7 0.5305 0.49217292636534943 0.178 0.03807121751749696
9 0.7715 0.5054772152513989 0.109 0.043268329828130274
4 0.459 0.5858409485423098 0.368 0.04728206767662323
10 0.492 0.5607249383067897 0.106 0.03623342166772295
6 0.584 0.5667954552259455 0.089 0.04003560875874837
1 0.657 0.5681448871291886 0.075 0.037872704010181224