0 0.16752484677918067 0.3395 0.3164130659165778 0.071
3 0.5471470212052107 0.3185 0.3754363372358216 0.075
9 0.8909892730728306 0.5175 0.14734906978865728 0.06
7 0.5756143564137661 0.496 0.2533548876184684 0.061
2 0.5828616141807318 0.4535 0.2543839767675231 0.066
4 0.4428289493892872 0.631 0.45148287987430935 0.083
10 0.5100354823475761 0.5955 0.13833161629922439 0.057
6 0.631986030794183 0.604 0.12131416280979147 0.054
1 0.7364423970706008 0.6115 0.11231998063960259 0.055
8 0.4801495967563741 0.404 0.48349451553393125 0.085
5 0.8899401548831797 0.44 0.1644828798743092 0.083