0 0.1755 0.3584578726161757 0.333 0.05887480580520514
3 0.5595 0.3144896280840471 0.368 0.05928206767662311
9 0.9085 0.4874286454233365 0.143 0.053663955646079106
7 0.5975 0.48654745805222194 0.249 0.049897377313802053
2 0.602 0.444495095811611 0.249 0.05489737731380205
4 0.4745 0.6274786926289193 0.443 0.06315477168680445
10 0.5385 0.5882339852068978 0.134 0.050559231164857464
6 0.6585 0.5888376587906078 0.117 0.04836141825588288
1 0.7615 0.589139145283292 0.108 0.051256693774661015
8 0.498 0.4032052453723958 0.475 0.06452712539781522
5 0.903 0.4124926437174165 0.158 0.0748384964481154