0 0.1585 0.37623337220887754 0.317 0.07753325558224491
3 0.53 0.2822488155880447 0.375 0.08154564934808162
9 0.904 0.41172062130489134 0.147 0.06256589454444793
7 0.59 0.45070151169235156 0.253 0.065416131426839
2 0.5905 0.4086927841598875 0.254 0.0704335864917673
4 0.483 0.6085692036396709 0.451 0.0908722342826261
10 0.5435 0.5610131722115138 0.138 0.05940879896009392
6 0.6645 0.5464011093551995 0.121 0.056112062856314426
1 0.769 0.5330770550702006 0.112 0.056954967271960415
8 0.48 0.3801215688344556 0.483 0.09343079636032905
5 0.8895 0.33697371974635043 0.164 0.08586263064822765