0 0.5035782996817478 0.385911115162295 0.2925003502991706 0.04639772761297274
0 0.20675249018461347 0.4104610253087114 0.2363839897644798 0.03574610861870406
8 0.45893249871421365 0.44089912880965526 0.3564421700318252 0.04214243503499415
5 0.7698801364736028 0.4490179414385406 0.12652362240610887 0.046466142737104636
2 0.5581706875111593 0.46455691612982924 0.2404421700318253 0.04079265283258041
7 0.5268623320942285 0.4906961984722876 0.1773839897644798 0.035059581464028045
9 0.7672866977466795 0.49999466933160247 0.10946544213876336 0.04126832982813016
4 0.45574527096119644 0.5858816747294516 0.367418897924887 0.04027043162315408
10 0.4885536263781271 0.5597598464671969 0.1063839897644798 0.03423342166772295
6 0.5805245362444543 0.5633303633863527 0.0894421700318253 0.03903560875874859
1 0.6535187182177199 0.5646797952895959 0.07540726187141808 0.03587270401018122