0 0.1635496969064121 0.3928501325015844 0.3186981632081451 0.06370026500316885
3 0.534200265003169 0.32417292636534945 0.36970979926161407 0.06529370373009215
9 0.8989049468363899 0.47489681377462717 0.14362834688733073 0.0556639556460791
7 0.5891609400127097 0.49328963719921093 0.2505934387269233 0.0539090133672712
2 0.589172225767008 0.4512954552259455 0.2506516189942686 0.0589090133672712
4 0.4804063480330724 0.6420038532908771 0.4447679795289596 0.0711664077402736
10 0.5409059977339018 0.5997136525524912 0.13559343872692328 0.052570867218326385
6 0.6603070912794146 0.5926041609420468 0.11857016661998523 0.05037305430935203
1 0.7642198208783963 0.5863143105028317 0.1085934387269233 0.052256693774661245
8 0.4822824179757938 0.41655621553148797 0.4767796155824287 0.07253876145128424
5 0.8875380608529431 0.4002746352132017 0.1598843400636506 0.07785013250158443