0 0.4940590810414877 0.36608817617961686 0.3007680228568415 0.04574534894328667
0 0.19036960597682312 0.4073509786123363 0.2425934722075594 0.03540791481425117
8 0.4500554148081152 0.42383834286148797 0.3656807475322005 0.04112350788099866
5 0.7691688727301487 0.41548245515179316 0.12980293298669812 0.046750500045613305
2 0.5532150410420149 0.442736197476054 0.2466632924672722 0.03943118613349497
7 0.5202001166266325 0.47242527694491016 0.18359347220755945 0.03506466285540478
9 0.7682437542889532 0.46848245515179315 0.11271565766205685 0.04165159693882697
4 0.4514546101338108 0.5728150715422441 0.3766632924672722 0.04018750400891918
10 0.4834346244193367 0.545131809903199 0.10959347220755944 0.034634143449394285
6 0.5784433519518009 0.5440791160711583 0.09168074753220049 0.03952942251279683
1 0.6534869896141215 0.5411427788353367 0.07761092727248751 0.0354479728954434