0 0.492283406842026 0.3781230831584826 0.2933374341290355 0.05970462413460996
0 0.1979721529471399 0.43333352512290346 0.23726180234149302 0.04637882566519647
8 0.4529401548831797 0.43734997852110985 0.3563316162992245 0.059071147412700156
5 0.7635710560539261 0.4130435423648082 0.12830252715016968 0.0527446822158023
2 0.5543587052658263 0.4507594687952978 0.2412967093203588 0.052402096984440275
7 0.5251899882013086 0.47992818585981556 0.17924434885206006 0.043041391536160975
9 0.7657772556484729 0.46352899779028084 0.11026180234149296 0.04563996127920507
4 0.46359947847549665 0.5817830734782838 0.3683257984694135 0.05814096137043157
10 0.4937681955400143 0.5526085385839551 0.10722107753281625 0.03862250778977205
6 0.5857943757741636 0.5475732982413473 0.09024434885206029 0.04252360468298593
1 0.6583351005828404 0.540151505580053 0.07622689536262715 0.039442155065632506