0 0.15150441683005197 0.37582064753351857 0.30300883366010395 0.07635870493296283
3 0.5156080904137619 0.28244082130225506 0.37587270401018125 0.08154564934808162
9 0.8880255871419663 0.4119126270191017 0.14769816320814516 0.06256589454444793
7 0.573635779350752 0.4508935174065621 0.2537097992616141 0.065416131426839
2 0.5731361296499227 0.4079109724714903 0.2547679795289596 0.0704335864917673
4 0.46382055500957475 0.6087786644188096 0.45196579243793406 0.0908722342826261
10 0.5248616314958872 0.5612226329906523 0.13866325504773772 0.05940879896009392
6 0.6470070821642507 0.5465931150694098 0.12162834688733051 0.056112062856314426
1 0.7516408967791453 0.533269060784411 0.11263998294079966 0.056954967271960415
8 0.46349102928072966 0.37933102961359416 0.4839890645448722 0.09343079636032917
5 0.8744099272056167 0.33616572546056084 0.16496579243793394 0.08586263064822765