0 0.5167659533525931 0.3870194536718858 0.29834325195884637 0.060733713283664656
0 0.21318450373523978 0.39925374232426086 0.24227343800111487 0.04840791481425117
8 0.46795179054280156 0.44073728892605446 0.3623374341290354 0.06010605439156586
5 0.7848296161167715 0.4635815409761273 0.13030834497998056 0.0537563178754242
2 0.5687888913080947 0.46932488973696096 0.2452967093203588 0.05242536830368408
7 0.5346347188181045 0.49562708352338847 0.1822501666818712 0.04405884502559388
9 0.7790241800516963 0.5160495429121671 0.11226762017130386 0.04665159693882697
4 0.45859366064568563 0.5881878373726613 0.3743316162992244 0.05917586834929716
10 0.492236197476054 0.5638827346713283 0.10922689536262738 0.03963414344939429
6 0.5861925637524719 0.5719296106735583 0.09124434885206005 0.04252942251279683
1 0.6601692924332281 0.5763601300795689 0.07722689536262714 0.03944797289544363