0 0.5102804979271205 0.38448163777811467 0.2963374341290354 0.059722077624042864
0 0.20820486613957812 0.39572465317520605 0.24027343800111492 0.048396279154629386
8 0.46196633511732893 0.43820238194718875 0.3603374341290354 0.06009441873194396
5 0.7763499785211099 0.4600320894227342 0.1293083449799806 0.053750500045613304
2 0.5623092537124331 0.4657870738431898 0.2432967093203588 0.052413732644062176
7 0.5281608990522538 0.49108926762961724 0.1812501666818712 0.04405302719578288
9 0.7710445424560346 0.5125030002736793 0.11126762017130386 0.04664577910901607
4 0.451619840879835 0.5836471125639847 0.3713316162992245 0.05915841485986448
10 0.48676237771020336 0.5593507366073681 0.10822689536262727 0.03962832561958317
6 0.5792187439866211 0.5673888858648816 0.09124434885206029 0.04252942251279683
1 0.6531954726673773 0.5718194052708921 0.07722689536262714 0.03944797289544363