0 0.5123095870761752 0.38248674950984407 0.2952792558309259 0.051432635773379955
0 0.21117286807561786 0.4024842974156496 0.23922107753281632 0.04078101677911127
8 0.4659925153514783 0.43645149105026615 0.360267620171304 0.05018897924887051
5 0.7804343370533687 0.45011102986629326 0.12727925583092586 0.04947777879057378
2 0.5658499785211099 0.46211509639717463 0.24224434885206006 0.044815924939518484
7 0.5326958060311195 0.4882311066326948 0.18021525970300536 0.03909448962443526
9 0.7766347188181045 0.5015703036791515 0.11024434885206005 0.04327996588159931
4 0.4611372943692678 0.5834049468363899 0.37125598451168207 0.04831697583703044
10 0.49378855794435267 0.5577831185741351 0.10720944187319446 0.0372450577211921
6 0.5867652866251087 0.5628652715467599 0.09022689536262715 0.04004724481221774
1 0.660753650965487 0.5657263395034722 0.07621525970300536 0.03788434006365037