0 0.517710775328163 0.37400161443668684 0.2933665232780902 0.06640936366644178
0 0.22025150013683972 0.3844633403437396 0.23828507366073684 0.05176938072564212
8 0.4705133024783327 0.42655432697646833 0.3563665232780902 0.06714243503499415
5 0.7801645660534176 0.4489529684277867 0.12831416280979147 0.055489414844042816
2 0.568179110627945 0.4539198117632326 0.24131998063960258 0.05780428888604933
7 0.5353274652881244 0.4798038015277124 0.17926180234149297 0.04708285357096611
9 0.7754612753737763 0.5000111486951321 0.11127343800111475 0.04829160193506846
4 0.45935397888601576 0.5711939596180973 0.3683607054482793 0.06628206767662323
10 0.4937143509705528 0.5467925157734139 0.10723271319243827 0.041245057721192094
6 0.5852667114388515 0.5547278168809928 0.09125598451168207 0.045058880865686664
1 0.6582958005879063 0.5588783849777496 0.07723271319243827 0.040895976117119516