0 0.16858860090213298 0.359 0.32828507366073684 0.049
3 0.547320980730829 0.313 0.36627925583092585 0.048
9 0.8993158296285023 0.484 0.141285073660737 0.049
7 0.5893129207135969 0.4835 0.24724434885206006 0.042
2 0.5935743896913477 0.4425 0.24727343800111498 0.047
4 0.4706390525467526 0.6255 0.4402967093203587 0.051
10 0.5329063393543143 0.5855 0.13326762017130386 0.046
6 0.6529121571841253 0.5865 0.11726180234149297 0.045
1 0.7559121571841254 0.5865 0.10727925583092565 0.048
8 0.4888387675840041 0.402 0.47229089149054776 0.05
5 0.8918794923926807 0.409 0.15740724808676693 0.07