0 0.5132195020728795 0.37258046182168086 0.30228507366073676 0.0542714296083218
0 0.20898421332927794 0.42339552909232303 0.2442210775328163 0.04225903584248499
8 0.47056566294663127 0.4328310296135942 0.368273438001115 0.053423463893584086
5 0.7919958489888999 0.41521922623917223 0.13028507366073677 0.051269158440668205
2 0.5751674749683231 0.44850697532859546 0.24825598451168207 0.04832885610219796
7 0.5443420098626517 0.47904808234137014 0.18421525970300537 0.04021173194679204
9 0.7933041939688805 0.468201771174244 0.11325016668187118 0.0449724223368886
4 0.4774383374182746 0.5827262992240249 0.3802559845116821 0.05063292467272276
10 0.5092696203537569 0.5531677371463218 0.10920944187319447 0.037902602077175745
6 0.6052608936090406 0.549992050913213 0.09223271319243805 0.04160586597339602
1 0.6802347133748912 0.5441829210435967 0.07722107753281625 0.03934403999947267