0 0.5026678348025791 0.376228517479334 0.2958378431165545 0.051432635773379955
0 0.2049445851918848 0.4242018794398558 0.2396632924672723 0.04078101677911127
8 0.46168895610087984 0.43521723172503557 0.3608029329866979 0.05018897924887051
5 0.7759794953217413 0.41955769290900846 0.12783784311655427 0.04947777879057378
2 0.5644944197371237 0.4515245362444544 0.24273311272698517 0.044815924939518484
7 0.534000616620042 0.480885253901996 0.1806458374023441 0.03909448962443526
9 0.7768871586980085 0.47155769290900845 0.11073311272698516 0.04327996588159931
4 0.4702373955803996 0.5811474154042211 0.3717680228568415 0.04831697583703044
10 0.5007486537624095 0.5527866977466794 0.10762838233741581 0.0372450577211921
6 0.5947224711650172 0.5501929087205853 0.09068074753220048 0.04004724481221774
1 0.6676439233728402 0.5448434768173422 0.07664583740234411 0.037884340063650594