0 0.16711916292805598 0.35589667671546077 0.314686527154676 0.0626537207892926
3 0.5432468092170452 0.3282776508465712 0.37170979926161407 0.06531697583703044
9 0.8928936610820914 0.5168211794270781 0.1446283468873305 0.05567559169954825
7 0.5802598464671969 0.5016849127179891 0.2515934387269233 0.053920649420740235
2 0.5857711322214953 0.45975472903880366 0.2516516189942688 0.05892064942074023
4 0.45537143987266515 0.63871295195415 0.4467679795289596 0.07118967984721167
10 0.5209350878675745 0.6019809314831095 0.13660507478039244 0.053582503271795534
6 0.6419816320814508 0.6073888939528688 0.11957016661998524 0.05038469036282095
1 0.7460223582685926 0.6120990435136535 0.10960507478039244 0.053268329828130165
8 0.48125332784212105 0.4140445794780188 0.4787796155824287 0.07256203355822254
5 0.8880035029917065 0.44027463521320176 0.1608843400636506 0.07786176855505357