0 0.16865841485986446 0.3690625970973974 0.33228507366073684 0.05286316975173611
3 0.5473093450712071 0.3046525328326143 0.36627925583092585 0.052258795569684935
9 0.904234380011149 0.4595100977976202 0.14128507366073678 0.050640683539140925
7 0.5952954672241639 0.4736056383195673 0.24724434885206029 0.04487410520686387
2 0.5975569362019149 0.4325765481858946 0.24727343800111476 0.049874105206863986
4 0.4806448703765635 0.6209496024952466 0.4402967093203588 0.05611986352639724
10 0.5429005215245033 0.5782223491534288 0.13326762017130386 0.04754759511138832
6 0.661880159120165 0.5733376587906077 0.11726180234149297 0.04636141825588288
1 0.7648597967158267 0.568639145283292 0.10727925583092587 0.049245057721192094
8 0.4918387675840041 0.39630415182688306 0.47229089149054776 0.05549221723740789
5 0.8952980427753273 0.3846090042521074 0.15740724808676668 0.07182686039464625