0 0.1725 0.3514964243576102 0.331 0.06292570166742621
3 0.5575 0.31675655988039236 0.373 0.06317005051948638
9 0.9075 0.5002203194465581 0.144 0.05583776749277763
7 0.5935 0.49154711800719797 0.252 0.05246609311236068
2 0.5985 0.44851802885814324 0.252 0.0584660931123608
4 0.466 0.6307888913080949 0.448 0.06960638775530788
10 0.532 0.5929049145405718 0.137 0.05279704268410092
6 0.653 0.5962009571334461 0.12 0.050698139577314574
1 0.758 0.5990900850032959 0.109 0.05263414344939429
8 0.495 0.40462017424357716 0.481 0.06979837613906943
5 0.9035 0.42374359076580187 0.161 0.07693667059956374