0 0.5031875040089192 0.38182966278801145 0.29322107753281634 0.041409363666441774
0 0.20438531022249168 0.4123504828007551 0.23716871706451775 0.03175774467217309
8 0.45951330247833266 0.4373176764353717 0.35719198838376154 0.037154071088463296
5 0.7735074846485218 0.43997139722466433 0.12625016668187117 0.044466142737104745
2 0.5606354769043628 0.45949291783574925 0.24019780621357245 0.036792652832580416
7 0.5297983761390695 0.4871322001782076 0.17818035272413954 0.03307121751749707
9 0.7718100117986915 0.4919481251177261 0.10922107753281625 0.039268329828130166
4 0.4613627056307322 0.5833293124888408 0.3691803527241395 0.03529370373009215
10 0.4932056242258364 0.5567016661998514 0.10518617055395055 0.033221785614253804
6 0.5872172598854584 0.5597954552259455 0.08820944187319446 0.03702397270527945
1 0.6602056242258364 0.5586448871291887 0.07419780621357268 0.0348610679567123