0 0.5104217003182522 0.38588784305535684 0.2945003502991706 0.04642099971991093
0 0.21225914586885564 0.4114144810948351 0.2373839897644798 0.03575774467217309
8 0.4660675012857864 0.4408642206492481 0.3584538060852943 0.043165707141932214
5 0.7801198635263973 0.4490179414385406 0.12752362240610887 0.04647777879057378
2 0.5678293124888407 0.4645452800763601 0.2414421700318253 0.04080428888604933
7 0.5361493039592405 0.4916729263653494 0.17939562581794893 0.036082853570966106
9 0.7777191202800551 0.5004830332781334 0.11046544213876336 0.04127996588159931
4 0.46627800114574175 0.5878467665690443 0.3694305339783562 0.04129370373009215
10 0.4994696457288111 0.5617365743602587 0.10639562581794894 0.03523342166772295
6 0.5924987358624837 0.5653187273328836 0.0894421700318253 0.03903560875874837
1 0.6655045538892184 0.5666681592361267 0.07540726187141808 0.03587270401018122