0 0.496 0.38877148252066596 0.303 0.06352572420113267
0 0.193 0.4417457583195334 0.245 0.0498508330999257
8 0.455 0.44929440432843354 0.368 0.06428206767662323
5 0.776 0.4295295774920097 0.132 0.05553595905791917
2 0.56 0.46401618994268745 0.249 0.05489737731380205
7 0.5305 0.4951729263653494 0.185 0.04615266989178065
9 0.779 0.48256448565241694 0.114 0.04832651009547567
4 0.4665 0.5989282189433279 0.38 0.06142170031825208
10 0.4975 0.5702889366008697 0.11 0.04027996588159931
6 0.5935 0.5654059977339018 0.093 0.04408215297262495
1 0.668 0.5602728837173486 0.078 0.040907612170588664