0 0.1710103022046533 0.3440130372501517 0.32838397676752307 0.06981662553785986
3 0.5521586568648327 0.3229463736218729 0.3653839767675231 0.0702471595162159
9 0.889564904860373 0.514885177721158 0.1423316162992246 0.058652319592610185
7 0.5831608990522538 0.4948187273328836 0.2473199806396026 0.057874105206863875
2 0.5893965211595975 0.4543885436536981 0.24734906978865728 0.06287410520686398
4 0.4558784009426803 0.6278467665690444 0.43942470157619984 0.07810822747292832
10 0.5205849339009692 0.5930972920178004 0.13530834497998057 0.05457086721832639
6 0.6395500269221035 0.6004819823806214 0.11829670932035878 0.052373054309352025
1 0.7410180288581433 0.6071630418077336 0.10830252715016968 0.05325669377466102
8 0.48766705024580687 0.4067016661998515 0.4714305194060107 0.07948058118393897
5 0.8885041510111001 0.4393677236409544 0.1594537907252545 0.07985013250158454