0 0.17854787609345626 0.3530268469616336 0.32834325195884634 0.0609082481779933
3 0.5543587966246002 0.3227143509705528 0.3623490697886573 0.062106054391565746
9 0.8944060059905721 0.5046865952764666 0.14030834497998057 0.05381449617353371
7 0.5893478276924627 0.49291215718412523 0.2452908914905479 0.051425368303684084
2 0.5946092966702134 0.45194415524808557 0.2453199806396026 0.05642536830368408
4 0.4671332347169416 0.6271965641173778 0.435378158937712 0.06753075596776557
10 0.5309179750139362 0.5905689052252789 0.13229670932035878 0.051767953535046214
6 0.6489412463331801 0.5952554091429716 0.11627925583092588 0.048674868258070776
1 0.7499674265673293 0.6003430099538782 0.10629089149054789 0.05061668995996115
8 0.49335912998834236 0.40835655443717905 0.46637815893771223 0.06771110869190511
5 0.890978395499467 0.4311691417870338 0.15643051940601072 0.07490758145050905