0 0.5115 0.37752418005169636 0.291 0.05469298847498794
0 0.215 0.3967491665906446 0.235 0.04236719000557446
8 0.4645 0.43029761805281125 0.354 0.052059511753078144
5 0.774 0.44399699972632056 0.126 0.049733046556180396
2 0.563 0.4562245618164321 0.239 0.04639046132481826
7 0.531 0.4824107323703827 0.177 0.04002975587653918
9 0.7705 0.4955173621306589 0.109 0.044634143449394176
4 0.458 0.5753354339465825 0.366 0.05112932571080955
10 0.491 0.549643445562821 0.105 0.036610872130150254
6 0.583 0.555108205220213 0.089 0.04051778685317504
1 0.656 0.5571835036440134 0.076 0.037442155065632504