0 0.1645 0.3730858692043356 0.329 0.06382826159132879
3 0.54 0.29721653112669427 0.367 0.06527043162315409
9 0.901 0.4385159158243547 0.142 0.05565231959260995
7 0.5925 0.46410563831956736 0.248 0.05388574126033302
2 0.5935 0.4230940022660982 0.248 0.05888574126033302
4 0.4825 0.6143856042011666 0.441 0.07113149957986639
10 0.543 0.570681622966287 0.134 0.052559231164857466
6 0.663 0.560785296549997 0.118 0.05037305430935203
1 0.7655 0.5520926010694156 0.108 0.052256693774661016
8 0.4865 0.3908390599872903 0.473 0.07250385329087704
5 0.89 0.36514391241251465 0.159 0.07685013250158454