0 0.158 0.3915807828898691 0.316 0.0668384342202619
3 0.527 0.3104340036896265 0.369 0.06914677920024247
9 0.8925 0.44830758689372235 0.144 0.05783776749277763
7 0.583 0.47760820522021297 0.25 0.05645445745273878
2 0.583 0.435608205220213 0.25 0.06145445745273878
4 0.475 0.6302365308397961 0.444 0.0765831164360643
10 0.5355 0.5858845521362335 0.136 0.0537912248542898
6 0.655 0.5746893214738243 0.119 0.05169232174750368
1 0.7585 0.5645871760883904 0.109 0.05363414344939406
8 0.4755 0.4047336219248907 0.476 0.07776928699001473
5 0.8805 0.3738774008514538 0.16 0.07993085276975284