0 0.15654514301719377 0.3648675865817881 0.31309028603438754 0.05764208473582346
3 0.5322415547294856 0.3292369246594294 0.37063998294079964 0.05930533978356129
9 0.881164519185254 0.511821179427078 0.14460507478039245 0.05367559169954825
7 0.5682226994525995 0.5031790946912545 0.25054689451304696 0.0499090133672712
2 0.5742055956715665 0.46174309298533456 0.25060507478039246 0.0549090133672712
4 0.4425820159134585 0.642736224061088 0.445674891101207 0.06317804379374274
10 0.5085358219987528 0.6044983855633131 0.13558180267345427 0.051570867218326384
6 0.6295067318650801 0.6084063480330724 0.11854689451304694 0.04837305430935203
1 0.7334892777848766 0.6111164975938572 0.10958180267345415 0.05126832982813039
8 0.47020594597073717 0.4175271253978152 0.477686527154676 0.06455039750475339
5 0.8770372231954354 0.43676299915973266 0.15984943190324338 0.07485013250158454