0 0.162 0.36582772051837126 0.324 0.04865544103674256
3 0.538 0.3193908249313811 0.363 0.04733618856894305
9 0.89 0.48953500778611364 0.139 0.049426254025022216
7 0.582 0.4901588477882226 0.245 0.04227649090741329
2 0.585 0.44821121298300726 0.245 0.04727649090741329
4 0.465 0.6301166051916212 0.437 0.050627863373631045
10 0.527 0.5911988192171707 0.132 0.046304068570524576
6 0.646 0.5912759719436285 0.115 0.045007332466745084
1 0.749 0.5910738436312349 0.105 0.046832781817463004
8 0.481 0.4083958862304727 0.469 0.049186425451334115
5 0.882 0.4153953672666879 0.155 0.06970553506387375