0 0.16082422300947666 0.39673337220887755 0.3174130659165778 0.07653325558224491
3 0.5268326163904509 0.30583609091268577 0.36743051940601074 0.08040600882865578
9 0.8946034788404026 0.4319300820840299 0.1443432519588464 0.06151352934966326
7 0.586295467224164 0.47031496961438507 0.2483432519588464 0.06332885610219796
2 0.5855511183721039 0.42832369714684915 0.2493723411079011 0.06834631116712614
4 0.48218559518524023 0.6251477514318479 0.4414712442146874 0.08869768363334378
10 0.5414208839288417 0.578609175068619 0.1353199806396026 0.057356433765309245
6 0.6603481610562049 0.5640320223421611 0.11930834497998058 0.05507715272645783
1 0.7627841649282844 0.5512428781870188 0.11031998063960237 0.05692005714210382
8 0.47737949239268074 0.40070884415909663 0.4734828798743092 0.09125624571104686
5 0.8796729594343917 0.3581831805254891 0.16146542638487654 0.08281026545344299