0 0.158 0.3856615035518846 0.316 0.06867699289623079
3 0.525 0.30389107192873055 0.365 0.0702471595162159
9 0.8875 0.43767300254618735 0.142 0.058652319592609956
7 0.5805 0.46874527096119634 0.247 0.057874105206863875
2 0.5805 0.42724527096119636 0.247 0.06287410520686387
4 0.4735 0.6194903286823884 0.439 0.07810822747292809
10 0.5325 0.5748038015277125 0.135 0.05457086721832639
6 0.6515 0.5629191111648914 0.118 0.052373054309352025
1 0.754 0.5537264156843102 0.108 0.05325669377466102
8 0.474 0.3969845106556539 0.471 0.07948058118393886
5 0.874 0.36433008926802 0.159 0.07985013250158443