0 0.5024100642647831 0.3703073776657477 0.2975003502991707 0.04818415428368064
0 0.20136968837681193 0.41507007974160526 0.24039562581794888 0.038189215582772246
8 0.46008495536599003 0.429057945457661 0.3624538060852942 0.04531873350401475
5 0.7770035029917065 0.416524689875416 0.12853525845957803 0.048234248310811835
2 0.5623060403819026 0.44627752883498284 0.2444421700318253 0.04225903584248499
7 0.5311376679057715 0.47532736338022163 0.18139562581794894 0.03715936675200737
9 0.7761143957988333 0.46905087247280836 0.11146544213876336 0.04193751220703212
4 0.46530127325267995 0.5764968527304122 0.3734421700318253 0.044510739218225126
10 0.4964812817822801 0.5484470181851734 0.10839562581794894 0.035885147012247674
6 0.5904754637555457 0.5463062420819209 0.0904421700318253 0.03957095584353965
1 0.6644521916486074 0.5430145672772329 0.07640726187141808 0.036326584934544374