0 0.15195787261617566 0.38170804776576095 0.3039157452323513 0.06858390446847806
3 0.5149510036919291 0.29896670627627964 0.3697796155824287 0.07129370373009215
9 0.8798219562062572 0.4347020926798601 0.14466325504773794 0.058675591699548134
7 0.568996146709123 0.4663150872820108 0.25063998294079964 0.0579090133672712
2 0.5704906789815591 0.4238034512285418 0.25069816320814514 0.0629090133672712
4 0.4592332846085566 0.6190717810566719 0.4448610679567122 0.0791664077402736
10 0.5197452709611964 0.5743736178485269 0.13661671083386137 0.05458250327179553
6 0.6393674495226218 0.5624831094589713 0.1195934387269233 0.052384690362820945
1 0.743477992030578 0.5517729598981865 0.10961671083386136 0.054268329828130166
8 0.46235721466583524 0.3935659630299375 0.47687270401018134 0.08053876145128425
5 0.8676888421897041 0.36035336137495816 0.1609192482240576 0.08086176855505357