0 0.168 0.35254514301719375 0.327 0.057804989484390716
3 0.5475 0.30912926072567615 0.366 0.059258795569684934
9 0.8955 0.48157991411843465 0.142 0.05365231959260996
7 0.5855 0.4801870906938509 0.247 0.049874105206863986
2 0.59 0.4381347284532401 0.247 0.05487410520686399
4 0.4625 0.6206183252705483 0.44 0.06311986352639724
10 0.527 0.5818677998217925 0.133 0.050547595111388094
6 0.647 0.5824714734055022 0.117 0.04836141825588288
1 0.75 0.5832729598981864 0.108 0.051256693774661015
8 0.4865 0.3968390599872903 0.472 0.06349221723740789
5 0.89 0.40614391241251463 0.158 0.0738384964481154