0 0.1622660447113671 0.3867071896114852 0.320389794597334 0.07258562077702958
3 0.5377977094115852 0.2996440851984754 0.377401430256956 0.0755805594779381
9 0.9111325679894574 0.43664207351271433 0.1473374341290355 0.060565894544447926
7 0.595795467224164 0.47014914649756695 0.25533161629922463 0.061451041556695486
2 0.5955453005422929 0.42714914649756697 0.2553607054482793 0.06645104155669548
4 0.48619723084486216 0.6270779311721351 0.4534363372358216 0.08290714441248247
10 0.5469325195884637 0.5805131722115138 0.13931416280979148 0.056426254025022216
6 0.6693714323754486 0.567874926757807 0.12230252715016968 0.054129517921242494
1 0.7748161629922444 0.5565334174078802 0.11131416280979146 0.055937512207032115
8 0.4858562210734369 0.3965604761072068 0.4864479728954436 0.08548316155511372
5 0.8986875040089192 0.36035153429185296 0.16446542638487655 0.08286263064822764