0 0.5055492095480751 0.3884343872692332 0.2966748911012069 0.061444271826849105
0 0.20389794085297702 0.39792611714830417 0.240546894513047 0.0497926528325803
8 0.4574266806874791 0.44138167472945167 0.3606748911012069 0.06218897924887051
5 0.7711823235646285 0.4660353955187443 0.12961671083386136 0.054501050897511956
2 0.5570950531636102 0.4710452800763601 0.2435934387269233 0.053827560992987626
7 0.5232983338001485 0.4961554722851458 0.18150035029917058 0.045106125677904285
9 0.766077248784236 0.5179830332781333 0.11153525845957801 0.047291601935068456
4 0.4462278168809927 0.5872711322214953 0.37166325504773784 0.06131697583703044
10 0.48051871821771985 0.5626667580394442 0.10845380608529422 0.04025669377466102
6 0.573913993736498 0.5727547290388035 0.09148871424570143 0.04305888086568666
1 0.6478790855760908 0.5766157969955159 0.07745380608529422 0.039895976117119515