0 0.502537573494606 0.3864496397141544 0.29962834688733053 0.05573953111347555
0 0.2009441347676827 0.43569847294105685 0.24250035029917064 0.04440791481425117
8 0.4598452283131954 0.4457052908620942 0.36460507478039245 0.054117690051187765
5 0.7785546772756391 0.4295582696568835 0.1305934387269233 0.0517563178754242
2 0.5636532334309556 0.4628103451624336 0.24554689451304693 0.04842536830368408
7 0.5328099698536176 0.4921329013531995 0.18246544213876337 0.041058845025593885
9 0.7784379664417774 0.48256117857178904 0.11252362240610864 0.04565159693882697
4 0.46811727437303646 0.5942634691602039 0.3765934387269233 0.0531875040089194
10 0.49894890189690533 0.5659409129694379 0.1094421700318253 0.03863414344939406
6 0.5934954461107818 0.5624906978865732 0.09247707819223251 0.04153524034260795
1 0.6675536263781271 0.5579212172925839 0.0784421700318253 0.03845379072525452