0 0.5011364799490933 0.37794091296943794 0.2966167108338615 0.054722077624042756
0 0.19943284901338426 0.39368683728143494 0.23948871424570153 0.04339046132481826
8 0.45351395108849724 0.4311674749683231 0.36060507478039233 0.05409441873194396
5 0.7683335922597264 0.44850009135877394 0.1285934387269233 0.0517446822158023
2 0.5532055956715665 0.45824925794941856 0.24254689451304692 0.04840791481425117
7 0.5203972402546357 0.4845601784805625 0.18046544213876337 0.04104720936597198
9 0.762728517479334 0.5004710022097192 0.11151198635263973 0.04464577910901608
4 0.4453034512285418 0.5781296590745518 0.37158180267345414 0.05215841485986448
10 0.4790943525652689 0.5533245563732188 0.1084421700318253 0.03862832561958317
6 0.5725303542711889 0.5593685234605432 0.09147707819223251 0.04152942251279683
1 0.6454954461107816 0.5627932250367428 0.0774421700318253 0.0384479728954434