0 0.500710775328163 0.3770998118392388 0.2913083449799807 0.05469298847498794
0 0.20849294007399435 0.4273015270589432 0.23523853102224918 0.04236719000557446
8 0.46004239162738747 0.4343383428614879 0.3542908914905479 0.052059511753078144
5 0.7694434885206013 0.41553772453499727 0.12628507366073677 0.049733046556180396
2 0.5611354769043628 0.4497507420505814 0.23926180234149297 0.046390461324818374
7 0.531807102883786 0.47942236803000465 0.17722689536262715 0.04002975587653907
9 0.771746015670771 0.46752608887537533 0.10925598451168207 0.04463414344939406
4 0.469385976949976 0.5792888913080949 0.36628507366073676 0.05112932571080955
10 0.5002172598854583 0.5501085385839551 0.10520944187319435 0.036610872130150254
6 0.59169689748112 0.5460762071562527 0.08923271319243804 0.04051778685317504
1 0.6646678083320652 0.540651505580053 0.07621525970300536 0.037442155065632504