0 0.16509181765994793 0.349 0.3177680228568415 0.044
3 0.5431492441538242 0.295 0.37575056779191346 0.043
9 0.909099150126693 0.464 0.14483784311655448 0.048
7 0.5912038805162623 0.47 0.2536807475322005 0.039
2 0.594453312724349 0.427 0.2537680228568415 0.044
4 0.4737697750607102 0.617 0.45176802285684153 0.044
10 0.537036662333725 0.575 0.13678547792176982 0.045
6 0.6600192072687969 0.574 0.11976802285684153 0.044
1 0.7649842971389406 0.572 0.1088203880516262 0.047
8 0.4857551101272202 0.387 0.48475056779191333 0.043
5 0.8997551101272202 0.387 0.16120439948004697 0.069