0 0.15371950207287946 0.3823814012163597 0.3033199806396025 0.056762802432719466
3 0.523332616390451 0.3180339982464132 0.3763257984694135 0.05818750400891918
9 0.8917431067558654 0.47667205070193924 0.14630834497998058 0.05384940315239942
7 0.5753420098626517 0.49183070756677194 0.25427925583092587 0.04947772877198258
2 0.5765918431807806 0.44883943431148837 0.25430834497998056 0.054477728771982585
4 0.4607205021641059 0.6421587482236066 0.4523490697886573 0.06262965907455191
10 0.5229645176524239 0.5985223625867914 0.1372908914905479 0.050797042684100686
6 0.6454325195884637 0.5937350467386334 0.12027925583092565 0.04869813957731458
1 0.7514005215245033 0.5888517366985946 0.11029670932035879 0.05163996127920518
8 0.46837949239268073 0.4117111086919052 0.4853490697886573 0.06282164745831335
5 0.8817951338604219 0.3996167813187352 0.1624363372358216 0.07594248842937475