0 0.5182456823070288 0.38900200018245296 0.29922689536262714 0.04073953111347566
0 0.2144493063504122 0.42223337991992255 0.24217453489432864 0.03140791481425117
8 0.4745831164360642 0.44674601567077094 0.36419198838376154 0.03511769005118776
5 0.7935772986062531 0.4476019033804657 0.12825598451168208 0.0447446822158023
2 0.5777052908620942 0.4683452521412993 0.24519780621357246 0.035425368303684084
7 0.5458681900968011 0.4961590815873487 0.18218035272413954 0.032058845025593884
9 0.7928856435862337 0.5005960855506547 0.11122689536262714 0.03964577910901607
4 0.4764499730778965 0.5957518335005818 0.3761803527241395 0.033187504008919406
10 0.5082870738431897 0.5679380040545324 0.10818617055395066 0.03262832561958316
6 0.6032928916730007 0.5694906978865732 0.09021525970300535 0.037523604682985934
1 0.6782870738431898 0.568927035122395 0.07619780621357244 0.03444215506563251