0 0.18890853947820166 0.33530572311813617 0.32622185454497526 0.07567289610167063
3 0.5625943483094937 0.31077752883498283 0.36025676467483164 0.07826636830923007
9 0.8964195381783192 0.4955086298762069 0.14101239376583657 0.06044370908995052
7 0.5935442542823626 0.47928878701699273 0.24401239376583658 0.06224158077755692
2 0.6003547792176979 0.43965787403003104 0.24509966909047762 0.067259035842485
4 0.4693046851905667 0.6109968527304123 0.43337895012932914 0.08654058804899001
10 0.5337199405154713 0.576362273510078 0.1339425735061236 0.056321523635453105
6 0.6508595810348972 0.5823200309134765 0.11690766337626723 0.054024787531673155
1 0.7504817664893947 0.587583251953119 0.10794257350612384 0.05586769194731937
8 0.5005343911660717 0.3943859254579246 0.46441386025918563 0.08908169506176478
5 0.8936365909060952 0.42203481247359925 0.15837895012932926 0.08174044519373024