0 0.15778059795035743 0.35720718961148523 0.31556119590071485 0.0485681657121014
3 0.5314277315849911 0.2976615402634036 0.36548871424570145 0.048371098698799415
9 0.8825077827625921 0.45649990234374277 0.14054689451304694 0.049443709089950515
7 0.5734496024952466 0.46689351740656204 0.2464421700318253 0.04229394597234159
2 0.5769266806874791 0.4258411522117774 0.24650035029917058 0.047293945972341586
4 0.4537740107956984 0.6129532150680916 0.4395003502991707 0.05066277350348764
10 0.5172510889879308 0.570853545977614 0.13251198635263972 0.046304068570524805
6 0.636274361094869 0.5667763932511561 0.11650035029917058 0.045024787531673154
1 0.7392976332018072 0.5629785215635497 0.10653525845957779 0.047850236882391074
8 0.4723804867727734 0.3886739340292402 0.47148871424570155 0.05022133558119049
5 0.8753804867727734 0.38163954286316853 0.1567796155824285 0.06972299012880194