0 0.5123867921578449 0.382911115162295 0.2944421700318253 0.04142099971991092
0 0.21278241797579378 0.4134202991215696 0.23834908160407253 0.032769380725642124
8 0.46803841115211364 0.4383874927561862 0.35938398976447977 0.03717734319540136
5 0.7830267750986445 0.44105284959894786 0.12651198635263972 0.045466142737104746
2 0.5702827682749644 0.46057437021003284 0.24139562581794893 0.03680428888604945
7 0.5386085777720988 0.48820201649902206 0.17936071765754172 0.03308285357096611
9 0.782631849879037 0.4930412135454788 0.1094421700318253 0.03926832982813028
4 0.47174891101206906 0.5854107648631243 0.37036071765754164 0.03530533978356152
10 0.5034347375684038 0.5587831185741351 0.10637235371101075 0.03323342166772295
6 0.5964463736218729 0.5608652715467599 0.08941889792488701 0.03703560875874837
1 0.6704347375684038 0.5607263395034722 0.07539562581794872 0.03487270401018145