0 0.5037892246718371 0.3711677371463219 0.29122107753281623 0.0430794238941113
0 0.20759723628807544 0.40933443636507433 0.2361687170645177 0.03311939532305928
8 0.4604634262024235 0.42791830493823524 0.3551861705539505 0.03819654804951733
5 0.7714692440322344 0.42148977974555957 0.12525016668187117 0.045181883116027166
2 0.5603412517763934 0.44717279844541347 0.23919780621357245 0.03817176051784395
7 0.5291841703714977 0.47471390545818826 0.17717453489432863 0.033089546492294515
9 0.7701725347118756 0.47250723481048784 0.10822107753281625 0.03988514701224744
4 0.4606198408798349 0.572900849873307 0.36717453489432866 0.036406008828655786
10 0.49277692228473075 0.5453422877956041 0.10518035272413954 0.032832781817462776
6 0.5847711044549199 0.544736421822208 0.08820944187319446 0.037536045713683054
1 0.6577769222847307 0.5424622020824481 0.07419780621357244 0.03529167480468823