0 0.1604453636375619 0.3765 0.3208907272751238 0.053
3 0.530045292209932 0.3125 0.36194257350612385 0.054
9 0.8809444875356276 0.4615 0.14089020831133894 0.051
7 0.576156478964312 0.478 0.24478547792176983 0.045
2 0.578372136626369 0.437 0.24487275324641086 0.05
4 0.4626254945497204 0.623 0.4349949387009085 0.057
10 0.5238411522117774 0.582 0.13185529818148256 0.049
6 0.6414458826013467 0.576 0.11580293298669812 0.046
1 0.7425506129909161 0.57 0.10685529818148279 0.049
8 0.47447433636639236 0.4025 0.4659949387009084 0.057
5 0.8717187072753875 0.3885 0.15623930960990356 0.071