0 0.16331840517966573 0.3966265953914774 0.3224130659165778 0.07474680921704521
3 0.52882679856064 0.30786779982179235 0.3644188837463887 0.07623552346274687
9 0.8925947520956861 0.4356439124125146 0.1423374341290355 0.059652319592609956
7 0.5882780137347312 0.4706870906938509 0.24633743412903528 0.06086246915339484
2 0.587539482712482 0.42969290872058546 0.2473723411079011 0.06687410520686388
4 0.4846594149510909 0.6234030582813702 0.4374712442146874 0.08608495536599002
10 0.5428976126095979 0.5777223491534289 0.1343199806396026 0.05655923116485746
6 0.661324889736961 0.5638434768173424 0.11830834497998058 0.05437305430935203
1 0.7627608936090405 0.5516624173902301 0.10931416280979146 0.05526832982813017
8 0.48036494781815336 0.4009379664417776 0.46947706204449835 0.08745730907700067
5 0.8776642326896754 0.36181263518781637 0.15946542638487654 0.08185013250158454