0 0.16299060652779926 0.3789083127689299 0.3259812130555985 0.06381662553785974
3 0.5362197440778478 0.3122601967663675 0.3653490697886573 0.0642471595162159
9 0.8953819765850701 0.46044917601523805 0.14131416280979148 0.05564068353914092
7 0.5877539843292291 0.4788710895734945 0.2472967093203588 0.05387410520686387
2 0.5889925153514782 0.43788272562696356 0.2473257984694135 0.058874105206863876
4 0.4778871276873967 0.6266027597453642 0.4393839767675231 0.07110822747292832
10 0.5386372943692678 0.5843067409802438 0.13429670932035878 0.052559231164857466
6 0.656686745922661 0.5771797952895958 0.117285073660737 0.05036141825588288
1 0.7592274707313377 0.571372490770177 0.1072908914905479 0.051245057721192096
8 0.4831874126501453 0.4031493039592406 0.4713781589377121 0.07048058118393896
5 0.8838095870761754 0.386809543373609 0.15843633723582162 0.0768384964481154