0 0.1779957576301259 0.34240551037556477 0.32537234110790114 0.06778171737745253
3 0.5516412033753998 0.31305944440486166 0.3593839767675231 0.07017734319540136
9 0.8845678137752785 0.4936730025461874 0.1403199806396026 0.05662904748567189
7 0.5821608990522539 0.48119290872058545 0.24331416280979146 0.05682756099298763
2 0.5893907033297866 0.4416114563463019 0.2433432519588464 0.061827560992987626
4 0.4568958544321131 0.6141415973774865 0.4324188837463888 0.07702677509864451
10 0.5215965695605911 0.5788910719287306 0.1333025271501697 0.05354759511138832
6 0.6385616625817254 0.5835296536728476 0.11629089149054767 0.051349782202413735
1 0.7385325734326705 0.5873660483259391 0.10630252715016968 0.05323342166772318
8 0.489155414586185 0.3972808797199449 0.4634247015761998 0.07838749275618624
5 0.8824954242663837 0.4202020926798601 0.1564421550656325 0.07781522434117721