0 0.5158693380776412 0.3755 0.2966167108338616 0.053
0 0.21456715098661572 0.3925 0.23948871424570153 0.042
8 0.4694918669382373 0.429 0.36060507478039244 0.052
5 0.7846722257670081 0.4445 0.1285934387269233 0.051
2 0.5708002223551681 0.4555 0.24254689451304692 0.047
7 0.5376027597453643 0.4815 0.18046544213876337 0.04
9 0.7812773005474005 0.4965 0.11151198635263973 0.044
4 0.46470236679819277 0.576 0.37158180267345414 0.05
10 0.49890564743473115 0.5505 0.1084421700318253 0.038
6 0.5914754637555457 0.5565 0.09147707819223251 0.041
1 0.6655103719159529 0.5595 0.0774421700318253 0.038