0 0.16489299844277727 0.384480304323146 0.32978599688555454 0.05694897298667002
3 0.5449492893528268 0.3212027153109309 0.3709600285710519 0.05715259703005347
9 0.9052699368863455 0.47681458753230765 0.14490766337626745 0.05283776749277763
7 0.5919906558474939 0.4909936068014787 0.2508203880516262 0.048454457452738776
2 0.5952237685744791 0.449008151376006 0.25090766337626724 0.05345445745273878
4 0.47688985117318955 0.6393391009477462 0.44601239376583657 0.060588934265875194
10 0.5391404189651029 0.59669689748112 0.13587275324641088 0.0507854070244789
6 0.6597538768871363 0.59089794597334 0.1188203880516262 0.04768650391769279
1 0.7638498797442415 0.5860030002736794 0.10987275324641087 0.050634143449394285
8 0.48884342337943076 0.41288564358623386 0.4780298488307649 0.06177510481982563
5 0.8955877942884258 0.40125059140438724 0.16027421973975992 0.07392503493994196