0 0.1635 0.36109750525780465 0.322 0.05374680921704521
3 0.543 0.30918162296628704 0.374 0.05435188399743765
9 0.901 0.4795159158243547 0.144 0.05167559169954825
7 0.586 0.4836812726671164 0.252 0.045932285474209376
2 0.59 0.4406347284532401 0.252 0.05093228547420926
4 0.4625 0.6291183252705483 0.45 0.057236224061088026
10 0.5275 0.5883619817950578 0.136 0.04858250327179553
6 0.6495 0.5869423832718296 0.119 0.04738469036282095
1 0.7555 0.5857089616041066 0.109 0.04926832982813016
8 0.4835 0.39987396814769754 0.482 0.05660857777209878
5 0.8955 0.40257991411843463 0.16 0.07386176855505346