0 0.17184024794396857 0.37592372337547647 0.32455853056651607 0.05365544103674256
3 0.5416711748694962 0.32489082493138105 0.35854689451304694 0.053248913244301886
9 0.8919689451304699 0.4854739150588649 0.13855853056651607 0.05040879896009392
7 0.5890911236918952 0.49068503038561495 0.24247707819223252 0.04522412571262862
2 0.5921256815531318 0.4507461231128638 0.2425352584595778 0.05022412571262862
4 0.4782434432845052 0.6307213355811905 0.4315701666199851 0.056523132984061704
10 0.5392780011457418 0.5917948220742759 0.13152362240610888 0.04728661350559651
6 0.6562314569318656 0.5898370646708774 0.11451198635263972 0.04598987740181679
1 0.7561849127179892 0.587582571163699 0.10454689451304694 0.0488153267525347
8 0.48820678362824477 0.4129395238927932 0.4625701666199851 0.05706423999683648
5 0.8821253312539611 0.41281681947451093 0.15380288768936679 0.07167062493401727