0 0.5012340466474069 0.38980639068107326 0.30131998063960247 0.058502452094194496
0 0.19584458541381503 0.4052515763462679 0.24325016668187108 0.045827560992987626
8 0.45455111837210393 0.44375949616802624 0.3653025271501697 0.0562471595162159
5 0.7746412947341736 0.46298303327813334 0.13029670932035878 0.05251268695098099
2 0.5567111086919051 0.4724463736218729 0.24627343800111476 0.04986246915339484
7 0.52336237226699 0.49805656583065855 0.18323271319243803 0.04212939778484247
9 0.7699496397141544 0.5159248530107879 0.11326180234149297 0.04631487404200652
4 0.44891797501393627 0.5926838618204772 0.3772967093203588 0.055386792157844866
10 0.4827696203537569 0.5675794876384261 0.11022107753281636 0.03927996588159931
6 0.5778045273326227 0.5746849127179892 0.09224434885206029 0.04307051691915581
1 0.6518219808220554 0.5785459806747014 0.07822107753281625 0.03890761217058843