0 0.1675481180984245 0.3355 0.3203781589377121 0.065
3 0.5467022905884148 0.309 0.369389794597334 0.067
9 0.8880998118392388 0.4985 0.1443316162992246 0.057
7 0.577692897116214 0.4825 0.2503199806396026 0.055
2 0.5839343370533687 0.441 0.2503490697886573 0.06
4 0.4489045811768295 0.618 0.4444305194060107 0.074
10 0.5151169319649295 0.5815 0.13630834497998057 0.053
6 0.6345791160711582 0.588 0.11929670932035878 0.051
1 0.7375442090922925 0.594 0.10930834497998057 0.053
8 0.48220486613957814 0.3945 0.4764363372358216 0.075
5 0.8860390579899659 0.423 0.16045960855506564 0.079