0 0.15298900129988247 0.368092418549491 0.30597800259976493 0.04981516290101808
3 0.5220976574047167 0.306431094774721 0.3688378431165545 0.05014096137043157
9 0.8773223020811302 0.4633483117023991 0.1428552981814828 0.04982613183315562
7 0.5661302963669197 0.47615765677360616 0.24973311272698515 0.04344863962292789
2 0.5693634090939048 0.43414311219907875 0.2498203880516262 0.048448639622927885
4 0.44808185688739993 0.6228296161167715 0.4438902083113392 0.05357729860625318
10 0.511314969614385 0.5804660017535868 0.1348029329866979 0.04677958919466801
6 0.631384789874098 0.5757678621762721 0.11778547792176983 0.045680686087881894
1 0.7354546101338107 0.5711628078759328 0.10783784311655449 0.04862250778977227
8 0.4645092464962489 0.3977568932441345 0.4758727532464109 0.052763469160203844
5 0.8701314319507465 0.3883977632557921 0.15823930960990357 0.07191339928031994