0 0.5092804979271205 0.37852418005169636 0.2933374341290354 0.05970462413460996
0 0.2102106839693891 0.392263711165172 0.23726180234149297 0.04637882566519647
8 0.46197215294713995 0.43179761805281125 0.3563316162992245 0.059071147412700156
5 0.7723528874360153 0.4504911818965096 0.12830252715016968 0.0527446822158023
2 0.5603092537124331 0.4592245618164321 0.2412967093203588 0.052402096984440275
7 0.5271667168820647 0.4839165502001937 0.17924434885206006 0.043041391536160975
9 0.7670561781156566 0.5015202710455644 0.11026180234149296 0.04563996127920507
4 0.4521314765394569 0.5763499785211098 0.3683257984694135 0.05814096137043157
10 0.4857740133698253 0.5516550812224429 0.10722107753281625 0.03862250778977227
6 0.5777245618164322 0.559619840879835 0.09024434885206006 0.04252360468298593
1 0.6507071083269993 0.5621951393036352 0.07622689536262715 0.039442155065632506