0 0.18650454233530683 0.34084936078045674 0.33404730389569304 0.06581253662109646
3 0.5674459802576038 0.3021902535103417 0.36806475896062124 0.06740600882865579
9 0.9156315296070036 0.47866825611010666 0.14294257350612383 0.05647861921980689
7 0.6064482514252573 0.47356187117292586 0.24889020831133893 0.05532885610219796
2 0.6107238662307363 0.43197459584828485 0.2489774836359802 0.06032885610219796
4 0.48333086778795903 0.6122524818214172 0.4421520342852623 0.07369768363334402
10 0.5476937579180791 0.574617902601083 0.13489020831133916 0.05333897870038118
6 0.666772305710256 0.5770407498746252 0.1188552981814828 0.051059697661529756
1 0.7698246709050407 0.5782428781870187 0.10889020831133894 0.052885147012247447
8 0.5074471158414305 0.38926374000342706 0.4741694893501906 0.07525624571104686
5 0.9103136722049231 0.4032380763698195 0.1603091298696163 0.0777753553235866