0 0.16397606195327186 0.386080051177601 0.3279521239065437 0.07583989764479793
3 0.5362430153970914 0.2957398032336324 0.36943051940601074 0.07829370373009215
9 0.904466335117329 0.42494609950354023 0.1453432519588464 0.060687227753017284
7 0.5947743467335674 0.4615474580522219 0.2503432519588464 0.0619090133672712
2 0.5945186955856276 0.4195532760789565 0.2513723411079011 0.06692064942074023
4 0.4878813098575857 0.6162808797199449 0.4444712442146874 0.08616640774027359
10 0.5476489300288897 0.5695885345385343 0.1363199806396026 0.05658250327179553
6 0.6677216529015266 0.5556922081222442 0.11930834497998058 0.054384690362820946
1 0.7702798311996362 0.5444995126416631 0.11031998063960259 0.05627996588159931
8 0.48569323047995616 0.3908216059070867 0.4764828798743093 0.08853876145128424
5 0.8903968545233397 0.35111482227884194 0.16147124421468742 0.0828734046085226