0 0.5073344299172341 0.3783529348949496 0.2987447074220213 0.06746754393378729
0 0.2100325931253791 0.43488539096116235 0.24259343872692335 0.053815924939518485
8 0.4690267750986446 0.43739912880965526 0.3637447074220214 0.06822388740927772
5 0.7841951475747757 0.4125703036791515 0.13063998294079965 0.056512686950980995
2 0.5726780437937427 0.4516034603437056 0.24563998294079967 0.0578508330999257
7 0.5435329434245498 0.4817601967663676 0.18254689451304693 0.04911776173137332
9 0.7878060403819027 0.4651052118395587 0.11354689451304693 0.048314874042006524
4 0.4847372749586 0.5845620335582224 0.3747330713685524 0.06735188399743765
10 0.513894011381262 0.5554052971355604 0.10947707819223251 0.04226832982813039
6 0.6073125590069784 0.5494932681349198 0.09251198635263973 0.045070516919155805
1 0.6817252886059603 0.5428601541183666 0.07846544213876336 0.040907612170588435