0 0.15396442629364995 0.3875982363793019 0.3079288525872999 0.06680352724139618
3 0.5201964727586039 0.3069630928386813 0.3713956124271449 0.07015841485986447
9 0.8868790676701647 0.44532504038315524 0.14533161629922461 0.05784358532258852
7 0.5747161684354578 0.47514020328417333 0.25131998063960237 0.056460275282549786
2 0.576460517287518 0.43313147653945683 0.2513490697886573 0.061460275282549784
4 0.46633185830419266 0.6277656199888509 0.4464305194060107 0.07659475209568609
10 0.5265907517307801 0.5829165502001937 0.13731416280979147 0.05479704268410092
6 0.6471518389437951 0.5717155017079736 0.12029670932035878 0.051698139577314575
1 0.7512041994120938 0.5621104474076342 0.11030834497998057 0.05363996127920518
8 0.4676495967563741 0.40126561998885096 0.47843633723582163 0.07778092264963664
5 0.8738154049059863 0.3704035810856032 0.16145960855506541 0.07993667059956375