0 0.16697974352643125 0.34649484889767335 0.3247563434754905 0.0668849768587495
3 0.547788098943362 0.3222085331407419 0.3697796155824287 0.06914677920024247
9 0.8885830668109704 0.5137040487658995 0.14466325504773794 0.05783776749277763
7 0.5777634256397413 0.49639470369469246 0.25063998294079964 0.05645445745273878
2 0.5842521398854428 0.45442961067355814 0.25069816320814514 0.06145445745273878
4 0.4486925584214148 0.6306529303937957 0.4448610679567123 0.0765831164360643
10 0.5146056383195673 0.5955339982464132 0.1366167108338616 0.0537912248542898
6 0.6345300039720182 0.6027321378237278 0.11959343872692352 0.05169232174750368
1 0.7374660056779383 0.6088313742942562 0.10961671083386136 0.05363414344939429
8 0.48278739834502066 0.4078361920328407 0.47687270401018134 0.07776928699001473
5 0.8864615888478863 0.4381865952764667 0.16091924822405781 0.07993085276975284