0 0.16892012584258348 0.3565051511023266 0.33231998063960255 0.05693151949723722
3 0.5506528390350216 0.3142856490294472 0.3663199806396026 0.05712932571080955
9 0.8976201742435771 0.48976104425523476 0.1423025271501697 0.05282613183315561
7 0.5876550812224428 0.4855645714966309 0.24727343800111498 0.04843700396330598
2 0.5923907033297866 0.44503839126248157 0.24730252715016968 0.05343700396330598
4 0.46484058504890907 0.6262743467335674 0.44033743412903537 0.06055984511682027
10 0.5285674804115363 0.5869049145405718 0.13328507366073677 0.04977377136485711
6 0.648552935837009 0.5887067749632572 0.11727343800111475 0.047680686087881896
1 0.7515442090922925 0.5896075384927287 0.1082908914905479 0.050628325619583164
8 0.48914087001165757 0.40264053664791544 0.4723374341290354 0.06074601567077093
5 0.8925594203943042 0.41429304231919495 0.15841888374638893 0.07291921711013094