0 0.5050608456015442 0.3755714307575014 0.29567489110120687 0.06143263577338007
0 0.20390957690644612 0.39207388285169587 0.2385236224061088 0.04776938072564212
8 0.4564499527944173 0.42862996132401743 0.35867489110120687 0.06216570714193233
5 0.7697055956715665 0.4459820585614594 0.12960507478039243 0.05350105089751196
2 0.5556241432972829 0.45547217400384354 0.2425934387269233 0.053815924939518485
7 0.5223216059070867 0.4818561637683233 0.18050035029917058 0.045094489624435255
9 0.7631005208911741 0.49805187488227387 0.11153525845957801 0.047291601935068456
4 0.4452394529344618 0.5757405038319737 0.3706632550477377 0.06130533978356152
10 0.4795303542711889 0.5503448780140249 0.10745380608529422 0.0402450577211921
6 0.5729430838701708 0.5567569070146653 0.09048871424570143 0.04304724481221774
1 0.64589072162956 0.5604074751114222 0.07645380608529422 0.039884340063650596