0 0.4908299494805136 0.36439465299038876 0.29834325195884637 0.06420160934860883
0 0.19150996884091112 0.4246137174039258 0.24227343800111492 0.05122412571262862
8 0.45048669752166726 0.4240928555875174 0.3623374341290354 0.06431873350401475
5 0.7671205076073193 0.3955683275377365 0.13030834497998056 0.05526915844066821
2 0.553899430074503 0.43728625636744695 0.2452967093203588 0.05527649090741329
7 0.5237248951801744 0.46780990831529345 0.1822501666818712 0.04617682181693567
9 0.7683121626273387 0.4485421449403442 0.11226762017130386 0.047954967271960414
4 0.4611285676245514 0.5713921223408429 0.3743316162992245 0.06352819428315343
10 0.4912972846890691 0.5418684703929965 0.10922689536262714 0.04090260207717574
6 0.5853292827530292 0.534727694289744 0.09124434885206029 0.04358841090846772
1 0.6598670986468005 0.5269272919525918 0.07722689536262714 0.04034403999947267