0 0.16512350788099872 0.36405169374081425 0.32525016668187107 0.044890794688560394
3 0.539820980730829 0.309870007561706 0.3622385310222492 0.04310605439156586
9 0.8907692869900148 0.4708337671278716 0.13926762017130387 0.0468086783437227
7 0.5847983761390696 0.477614023050024 0.24421525970300537 0.038419550473873076
2 0.5875598451168202 0.4365965695605911 0.2442501666818712 0.044419550473873186
4 0.46862450797222516 0.6202947091379057 0.43525016668187116 0.045530755967765575
10 0.530391794779787 0.5799340036896264 0.13125598451168208 0.04476213570523532
6 0.649380159120165 0.5772416819421228 0.11525016668187117 0.04366905042825965
1 0.7503743412903541 0.5756540811312163 0.10526180234149296 0.045610872130150255
8 0.483338767584004 0.39920162386093044 0.46723853102224916 0.04371692652171623
5 0.882338767584004 0.3968803097663593 0.154389794597334 0.06789594579088715