0 0.5093532207997574 0.37495184134943677 0.29825598451168206 0.047467543933787285
0 0.20712632543713022 0.4104377532017733 0.24119780621357245 0.036804288886049336
8 0.46601869558562753 0.4319514910502662 0.36422689536262726 0.043235523462746867
5 0.7840565114793987 0.4291517560534351 0.12926762017130386 0.04750105089751196
2 0.5684052479043139 0.45264418653084737 0.24522107753281625 0.040850833099925696
7 0.5367336219248907 0.4817776508465712 0.18219780621357246 0.03611776173137332
9 0.7827481664994181 0.48214011999996603 0.11123853102224916 0.04229160193506846
4 0.4691518389437952 0.5809980352641426 0.37522107753281636 0.04236352005090657
10 0.5008176470934075 0.5528645709484188 0.10819780621357244 0.035256693774661015
6 0.5958147381785021 0.5544699960279817 0.09122107753281625 0.03905888086568666
1 0.6698351005828403 0.551831063984694 0.07720362404338357 0.03589597611711952