0 0.15945569954893352 0.3958675865817881 0.31891139909786703 0.07373517316357618
3 0.523690654928793 0.317114746098004 0.3624188837463887 0.07621225135580868
9 0.8839343370533687 0.4513153614003435 0.1413374341290355 0.059640683539140926
7 0.5802452575845126 0.48028381917247637 0.2453374341290355 0.06085083309992569
2 0.5799837886067618 0.43927800114574184 0.2463665232780902 0.06586246915339485
4 0.4763696741979639 0.6295853056651606 0.4354654263848764 0.08506168325905174
10 0.534625658709646 0.5862601967663674 0.1333199806396026 0.05654759511138809
6 0.6521983815822828 0.5751274330489851 0.11730252715016969 0.05336141825588288
1 0.7527594687952979 0.565796856422628 0.10831416280979148 0.05525669377466102
8 0.47415250567127953 0.4090445794780188 0.46647124421468744 0.08642240091659346
5 0.8698532207997576 0.37914663862504183 0.15845960855506563 0.08083849644811539