0 0.5175 0.37853299610035257 0.3 0.04923651947846531
0 0.2135 0.4127266563621745 0.242 0.03822412571262862
8 0.4735 0.435764973243511 0.365 0.04537109869879941
5 0.7935 0.43485059402054066 0.129 0.04825170337574002
2 0.577 0.45757157246358154 0.246 0.04229394597234159
7 0.5455 0.4855217379183427 0.183 0.03719427688186386
9 0.7925 0.4878331389556124 0.112 0.042954967271960416
4 0.4775 0.5848347935032239 0.376 0.0445631044130098
10 0.51 0.557902083113391 0.109 0.035902602077175744
6 0.605 0.5585603142815717 0.091 0.04058841090846772
1 0.679 0.5578519890862597 0.077 0.036344039999472895