0 0.500580559477938 0.377 0.3007680228568416 0.044
0 0.1967700345426026 0.4165 0.24259347220755945 0.034
8 0.4575929532437747 0.435 0.3656807475322005 0.039
5 0.7774794953217413 0.4285 0.12980293298669812 0.046
2 0.5609245994774108 0.454 0.2466632924672722 0.038
7 0.529922068827865 0.4825 0.18359347220755945 0.034
9 0.7769046137629368 0.4815 0.11271565766205685 0.041
4 0.4636937579180791 0.584 0.3766632924672722 0.038
10 0.49571374363255305 0.5565 0.10959347220755933 0.034
6 0.5906962885676248 0.5555 0.09168074753220049 0.039
1 0.6646613784377685 0.5535 0.07761092727248751 0.035