0 0.1705 0.34651605288352105 0.327 0.06380498948439071
3 0.5525 0.3090710804583307 0.371 0.06531697583703044
9 0.9005 0.48952173385108927 0.144 0.05567559169954825
7 0.5875 0.4826638185869127 0.251 0.053920649420740346
2 0.593 0.44109982029283273 0.251 0.058920649420740344
4 0.461 0.6226357793507521 0.446 0.07118967984721167
10 0.5275 0.5843619817950579 0.136 0.053582503271795534
6 0.647 0.5874714734055021 0.119 0.05038469036282095
1 0.751 0.5897613238447175 0.109 0.053268329828130394
8 0.489 0.39680996985361766 0.478 0.07256203355822254
5 0.8965 0.4130682780649656 0.16 0.07786176855505346