0 0.5221329246727227 0.38299909126754744 0.2940123937658366 0.05970462413460996
0 0.22484238545186128 0.39326828689878823 0.23778547792176982 0.04637882566519647
8 0.4760493155814541 0.4352256532664326 0.35699493870090837 0.059071147412700156
5 0.7879158719449467 0.4580379072525452 0.12890766337626747 0.0527446822158023
2 0.5750206023345159 0.46279870950281166 0.24189020831133917 0.052402096984440275
7 0.5424744340226496 0.4886067211190501 0.17973311272698517 0.043041391536160975
9 0.7832973527238216 0.5085059091885848 0.11078547792176982 0.04563996127920507
4 0.4695802999960456 0.580173292798134 0.3689774836359802 0.05814096137043157
10 0.5031439233728402 0.5553710990117066 0.1076632924672723 0.03862250778977205
6 0.5947748363598019 0.5634034304394089 0.09073311272698516 0.04252360468298593
1 0.6678446566195146 0.5678281320156087 0.07668074753220049 0.039442155065632506