0 0.5045 0.37112961102484676 0.303 0.058525724201132674
0 0.196 0.39271933352005944 0.244 0.04583919704645666
8 0.4565 0.42618814159136287 0.368 0.05728206767662323
5 0.778 0.4384471504010521 0.131 0.05352432300445002
2 0.559 0.4524954461107817 0.248 0.050885741260332906
7 0.525 0.47939107192873054 0.184 0.04314103383831162
9 0.7735 0.49249951264166303 0.114 0.04632651009547567
4 0.4495 0.5762695939656465 0.38 0.05542170031825208
10 0.484 0.5503681501209631 0.11 0.03927996588159931
6 0.579 0.5552627250414001 0.093 0.04308215297262495
1 0.655 0.5573783849777495 0.078 0.03990761217058866