0 0.1669430924699085 0.34599351544270474 0.3281520342852624 0.06790243034818241
3 0.5448969241580421 0.3177972846890691 0.3651520342852623 0.06811769005118777
9 0.8796328270164655 0.5028308582129661 0.1429774836359802 0.056826131833155616
7 0.574412108055317 0.48860820522021303 0.24694257350612384 0.05543118613349509
2 0.580627765717374 0.44757620715625274 0.24704730389569296 0.06143118613349498
4 0.445090584419864 0.6223470696062043 0.43827421973975983 0.07554239162738759
10 0.5107102392248157 0.5864689106684923 0.13492511844119554 0.05377958919466801
6 0.6290967813027823 0.5922794978358941 0.11889020831133894 0.05168650391769279
1 0.729992050913213 0.5976918970249876 0.10890766337626724 0.052628325619583166
8 0.4804132436391436 0.4031638079671593 0.4702742197397599 0.07572856218133803
5 0.8779332293536176 0.428348311702399 0.15936149506440098 0.07891921711013095