0 0.16761916292805598 0.3559024947421954 0.3225701666199851 0.052746809217045214
3 0.5430897224952126 0.31477765084657117 0.36454689451304695 0.05123552346274687
9 0.8930620335582226 0.48832699745381264 0.14057016661998523 0.05062904748567189
7 0.586067851584957 0.4852547290388036 0.24648871424570165 0.04486246915339484
2 0.5890907733927246 0.44429545522594543 0.24654689451304693 0.04986246915339484
4 0.46720853512409793 0.6248525845957791 0.4385934387269233 0.05609659141945895
10 0.5302547290388036 0.5865914739910658 0.133535258459578 0.04754759511138809
6 0.6492547290388035 0.5879761643538868 0.11652362240610864 0.04634978220241374
1 0.7512547290388036 0.5891630418077335 0.10654689451304694 0.04823342166772295
8 0.484613695200492 0.4020853056651606 0.47057016661998513 0.05446894513046982
5 0.8861951475747757 0.41375718113299814 0.15681452374283594 0.07181522434117721