0 0.5116293257108097 0.3719285692424986 0.30225598451168206 0.04751408814766364
0 0.20585622107343693 0.40736793688095874 0.24319780621357245 0.036827560992987625
8 0.4679638509249396 0.4289165828898589 0.3682327131924383 0.04428206767662323
5 0.7899260350311683 0.4261633921069042 0.13027343800111477 0.048512686950980995
2 0.5725831164360642 0.4506325504773782 0.24822689536262715 0.041885741260332905
7 0.5402489245856764 0.478754378739633 0.18419780621357246 0.03614103383831162
9 0.7892401978409599 0.4801517560534351 0.11323853102224916 0.042314874042006526
4 0.47283652539658294 0.5789631271037352 0.37922107753281625 0.04241006426478316
10 0.5051765350767816 0.5518412988414805 0.10919780621357245 0.03526832982813039
6 0.6011736261618762 0.5524583599745126 0.09222689536262715 0.04007051691915581
1 0.6761590815873487 0.550831063984694 0.07720944187319446 0.03689597611711952