0 0.16390424623804856 0.380355950528319 0.3197796155824287 0.070711901056638
3 0.5344733619605218 0.304678744392084 0.3737912516358979 0.07234024794396862
9 0.9071198635263973 0.4504957202291143 0.14567489110120688 0.05968722775301717
7 0.5934456730235317 0.47484199943982175 0.25263998294079965 0.05793228547420927
2 0.5939511407510956 0.43235363549329087 0.2527097992616141 0.06393228547420926
4 0.4867318072310361 0.6270794876384261 0.4488727040101815 0.08021295195414996
10 0.5462081848249274 0.5827776508465711 0.1386283468873305 0.055605775378733596
6 0.667586006263502 0.573691431343065 0.12160507478039244 0.05340796246975924
1 0.7709754637555457 0.5653957628771152 0.11061671083386136 0.05427996588159931
8 0.48407296901335023 0.3985794876384261 0.48187270401018134 0.08059694171862974
5 0.8927413414894814 0.37483863350728175 0.16291924822405782 0.08088504066199176