0 0.16402405904921225 0.357 0.3280481180984245 0.043
3 0.5462313797374695 0.304 0.3692443488520603 0.042
9 0.9022656199888511 0.47 0.14227343800111475 0.047
7 0.5892307130099853 0.476 0.24922107753281625 0.038
2 0.5934750618620453 0.434 0.24925016668187117 0.043
4 0.4703871276873967 0.621 0.44425016668187106 0.043
10 0.533625658709646 0.58 0.13426180234149296 0.045
6 0.6546372943692678 0.578 0.11725016668187117 0.043
1 0.7586489300288897 0.576 0.10726762017130385 0.046
8 0.4877077750544836 0.394 0.4762443488520601 0.042
5 0.8947077750544836 0.394 0.1573956124271449 0.068