0 0.1646463563661288 0.3630051511023266 0.3277505677919134 0.04490243034818241
3 0.5415540197423961 0.3088176470934075 0.3627156576620569 0.04310605439156575
9 0.8887262992240248 0.4687814066595731 0.13980293298669813 0.04680867834372282
7 0.5826215688344555 0.4765616625817254 0.2446458374023441 0.038419550473873076
2 0.5863372264965124 0.4355442090922925 0.24475056779191345 0.044419550473873075
4 0.4631429496146487 0.6192423486696071 0.43575056779191335 0.045530755967765575
10 0.5258411522117774 0.578881643221328 0.13176802285684153 0.04476213570523532
6 0.6438760623416337 0.5761951393036352 0.11575056779191345 0.04366905042825988
1 0.7459109724714903 0.5736017206629178 0.10578547792176983 0.045610872130150255
8 0.48301797402871294 0.3971492633926319 0.46771565766205686 0.04371692652171612
5 0.882017974028713 0.39482794929806075 0.1551694893501906 0.06789594579088702