0 0.5032107753281629 0.38 0.30325598451168206 0.044
0 0.19488240130758622 0.4095 0.2451978062135725 0.034
8 0.45754239162738747 0.437 0.3692327131924383 0.04
5 0.7805714807764423 0.442 0.13127343800111477 0.047
2 0.5611762017130395 0.46 0.24922689536262715 0.039
7 0.5278420098626517 0.4885 0.18520362404338334 0.035
9 0.7778798257564229 0.495 0.11323853102224916 0.041
4 0.4569208839288418 0.588 0.38122689536262727 0.039
10 0.49026380252394597 0.561 0.11020362404338334 0.035
6 0.5862783470984735 0.5635 0.09222689536262715 0.039
1 0.6612812560133788 0.564 0.07820944187319447 0.036