0 0.5135 0.37651254439207443 0.293 0.06470462413460996
0 0.215 0.3852491665906446 0.238 0.05038464349500737
8 0.466 0.4292888913080948 0.356 0.06507114741270016
5 0.7755 0.45348827298160416 0.128 0.054744682215802185
2 0.5635 0.45722165290152667 0.241 0.05640209698444028
7 0.5305 0.4824136412852882 0.179 0.04604139153616097
9 0.7705 0.5040173621306588 0.111 0.04764577910901607
4 0.454 0.5738587052658263 0.368 0.06414096137043157
10 0.4885 0.5491579901373483 0.107 0.04062250778977227
6 0.58 0.5576256587096459 0.091 0.044529422512796825
1 0.653 0.562700957133446 0.077 0.0404479728954434