0 0.1617020545894411 0.38042576684913354 0.3234041091788822 0.05677008132398351
3 0.5308404611839728 0.32071947057922573 0.3586167108338614 0.05716570714193233
9 0.8806066892170793 0.47380954337360903 0.13959343872692329 0.05261741143220274
7 0.5779263303883084 0.4857896371992109 0.24252362240610886 0.04781592493951848
2 0.5808917725270719 0.44581872733288364 0.24258180267345414 0.052815924939518484
4 0.4662507386887602 0.6285096713176115 0.43166325504773784 0.0620151390451756
10 0.5272278168809927 0.5882136525524913 0.1315585305665161 0.049524323004450026
6 0.6437976332018073 0.5835692527816395 0.1145352584595778 0.04732651009547567
1 0.7438616314958872 0.5792328581285481 0.10557016661998522 0.050221785614253805
8 0.47679321637175526 0.41010275974536425 0.4626632550477378 0.0623758567027171
5 0.870950303093588 0.4011873648121836 0.1548261597963051 0.07279195223423904