0 0.16075150781668474 0.36405169374081425 0.32150301563336947 0.044890794688560394
3 0.5343579152641764 0.309870007561706 0.3624770781922325 0.04310605439156586
9 0.8824612385487157 0.4708337671278716 0.139535258459578 0.0468086783437227
7 0.5764030582813703 0.477614023050024 0.24443053397835615 0.038419550473873076
2 0.5798801364736028 0.4365965695605911 0.24450035029917058 0.044419550473873186
4 0.4577507386887603 0.6202947091379057 0.43550035029917056 0.045530755967765575
10 0.5202161808275236 0.5799340036896264 0.13151198635263972 0.04476213570523532
6 0.6392394529344617 0.5772416819421228 0.1155003502991708 0.04366905042825965
1 0.7402510889879309 0.5756540811312163 0.10552362240610887 0.045610872130150255
8 0.47632230650542795 0.39920162386093044 0.4674770781922325 0.04371692652171623
5 0.875322306505428 0.3968803097663593 0.15477961558242873 0.06789594579088715