0 0.49947180571684663 0.37988784305535683 0.29775056779191333 0.046455907880318136
0 0.1964656088339283 0.40536793688095873 0.2405934722075594 0.036792652832580305
8 0.4534855945484023 0.43586422064924807 0.3626807475322005 0.04321225135580858
5 0.7704245018211536 0.44305284959894786 0.12880293298669812 0.047489414844042815
2 0.5550928555875174 0.45955109810309464 0.2446632924672722 0.04083919704645666
7 0.5221128413019914 0.4866729263653494 0.18159347220755945 0.0361061256779044
9 0.7669993833799581 0.49602375946527516 0.11169820259712879 0.04129160193506846
4 0.44941970000395437 0.5828467665690443 0.3736632924672723 0.042340247943968734
10 0.4833822592245521 0.5567365743602588 0.10859347220755944 0.035256693774661015
6 0.5773386215622316 0.5603303633863527 0.09066329246727219 0.03904724481221774
1 0.6513298940297675 0.561691431343065 0.07661092727248751 0.0358843400636506