0 0.507216593157974 0.38393800405453243 0.2922501666818712 0.04469880630479895
0 0.20987949239268072 0.41020719968577324 0.23619198838376154 0.034373007835385466
8 0.463539482712482 0.4391820195428504 0.35622107753281623 0.04007114741270015
5 0.7745627540317258 0.44499136461405747 0.12626180234149298 0.0457330465561804
2 0.5631703838832285 0.4622608936090405 0.24022107753281624 0.03939627915462927
7 0.5323245563732188 0.4885805408849009 0.17719198838376155 0.03402975587653907
9 0.7728594633520846 0.49597972895443565 0.10923271319243805 0.04063414344939417
4 0.46288306803507057 0.5841732927981339 0.3672094418731945 0.038135143540620677
10 0.49522889554508015 0.55786237226699 0.10619198838376155 0.03361668995996115
6 0.5872492579494185 0.5618976126095979 0.08922107753281626 0.038517786853175036
1 0.6602434401196076 0.5613223141857977 0.07520362404338335 0.03543633723582161