0 0.5004449724251903 0.3791143564137661 0.2966167108338615 0.05472207762404287
0 0.20302095707191006 0.43034806969743084 0.23948871424570153 0.04339046132481837
8 0.46013731760660087 0.4388528874360153 0.36060507478039244 0.05409441873194396
5 0.774433686670892 0.41952317996046984 0.1285934387269233 0.0517446822158023
2 0.5633176764353717 0.4537536509654869 0.24254689451304692 0.04840791481425117
7 0.5331609400127097 0.483431094774721 0.18046544213876337 0.041047209365971865
9 0.7765387614512842 0.4715144532157534 0.11151198635263973 0.04464577910901608
4 0.4703303633863527 0.5843034358826221 0.37158180267345414 0.05215841485986448
10 0.5004987358624838 0.555625992073388 0.10844217003182519 0.03862832561958317
6 0.5944638277020765 0.5520791160711583 0.09147707819223251 0.04152942251279683
1 0.6683940113812621 0.5456485966651475 0.0774421700318253 0.038447972895443626