0 0.4984566084786594 0.385874007926612 0.2955585305665161 0.04971625979423175
0 0.2004744128580337 0.4286373857280418 0.2394421700318252 0.039390461324818264
8 0.4571373176066009 0.4441296590745518 0.3605352584595779 0.048094418731943964
5 0.7714976849649718 0.4339593665500972 0.1275585305665161 0.048738864385991294
2 0.5588409485423099 0.4622201688003638 0.24248871424570143 0.04340791481425117
7 0.5291783940929133 0.4910456339060351 0.18043053397835615 0.03804720936597198
9 0.7721027597453642 0.4859593665500973 0.11048871424570143 0.042639961279205066
4 0.4648361814130873 0.5901645660534175 0.3715119863526397 0.04615841485986448
10 0.495522007969422 0.5633449187775571 0.10741889792488712 0.036622507789772274
6 0.5894929178357493 0.561391794779787 0.09045380608529421 0.039523604682985936
1 0.6624521916486075 0.5583164963559866 0.07643053397835615 0.037442155065632504