0 0.5146329246727227 0.38886717298353457 0.29575056779191344 0.048149244153824156
0 0.214639121555641 0.41262192597260516 0.23859347220755944 0.03815430545291577
8 0.4706016807762387 0.44358169506176476 0.3606807475322005 0.04528382337415837
5 0.7856802285684157 0.4535800405141533 0.12780293298669812 0.04821679324588365
2 0.5724944197371238 0.46785338415197886 0.2426632924672722 0.04222412571262862
7 0.5409744340226496 0.4947948220742759 0.18059347220755945 0.037141911687079074
9 0.7846053470096113 0.5065451303842968 0.11069820259712879 0.04192005714210404
4 0.47166757532068676 0.5905555124643724 0.37064583740234414 0.04345837402344046
10 0.504705016100089 0.5646402571394676 0.10759347220755944 0.03586769194731915
6 0.5977486537624095 0.568763578177792 0.09066329246727219 0.03957095584353965
1 0.6717573812948735 0.5705552529824801 0.07661092727248751 0.036326584934544597