0 0.15842878248250292 0.3866324134182119 0.31685756496500583 0.06873517316357618
3 0.5233753693443801 0.30536779982179235 0.36276797952895956 0.07021225135580858
9 0.88128704804585 0.43768463859965645 0.14165161899426856 0.057640683539140924
7 0.5769728746021848 0.46822199885425825 0.2456283468873305 0.056850833099925696
2 0.5774499527944174 0.4272219988542582 0.245686527154676 0.061850833099925694
4 0.4692391026352912 0.6184554205219811 0.4358377958497741 0.07706168325905173
10 0.5287452709611964 0.5742688933673051 0.13361671083386137 0.05454759511138832
6 0.6458616314958872 0.5629074751114223 0.11758180267345415 0.05136141825588288
1 0.747466355977109 0.5527264156843101 0.10760507478039244 0.0532450577211921
8 0.47230485242522435 0.39794960249524663 0.4668494319032432 0.07842240091659346
5 0.8686306619223587 0.3653417253214891 0.15789597611711953 0.07882686039464624