0 0.15954387887967755 0.3895982363793019 0.31082615979630496 0.07280352724139619
3 0.5215664503882744 0.30348636415792507 0.3678610679567123 0.07613514354062068
9 0.8891140454996627 0.43435703844711543 0.144686527154676 0.05983776749277763
7 0.582492217237408 0.46864311219907884 0.248686527154676 0.06044282179311699
2 0.5810035029917064 0.4266489300288897 0.2497447074220213 0.06544863962292788
4 0.4792725334181779 0.6222539843292291 0.4419425203309959 0.0835656629466314
10 0.5377430929853345 0.5764107323703827 0.13563998294079965 0.0557854070244789
6 0.6560976423169709 0.5632213195377845 0.11961671083386136 0.053692321747503685
1 0.7584754637555456 0.5521249919821617 0.11063998294079966 0.05563996127920518
8 0.4726602394143684 0.3977772556484729 0.4739657924379341 0.08575183350058183
5 0.8737529775429504 0.36044139697937433 0.16193088427752672 0.08093667059956373