0 0.513 0.3800307045703596 0.3 0.04749081604072535
0 0.2095 0.42356224679822674 0.242 0.036815924939518484
8 0.47 0.4390310548695302 0.365 0.043247159516215904
5 0.789 0.4288191538128922 0.129 0.04750105089751196
2 0.5735 0.4568267233354799 0.246 0.040862469153394844
7 0.541 0.48620489507322523 0.183 0.03612939778484247
9 0.789 0.4818191538128922 0.112 0.04230323798853749
4 0.4735 0.5879903286823885 0.376 0.04237515610437595
10 0.505 0.5591237929981123 0.109 0.03526832982813039
6 0.6 0.5575183679185491 0.091 0.04005888086568666
1 0.675 0.5541456639083678 0.077 0.03589597611711952