0 0.508216593157974 0.37511215694464317 0.3013199806396026 0.058502452094194496
0 0.20232131409457116 0.39667278930618305 0.24325016668187108 0.045827560992987626
8 0.461033664882671 0.4301648694844247 0.3653025271501697 0.0562471595162159
5 0.7806267501596463 0.4424471504010521 0.13029670932035878 0.05251268695098099
2 0.5626878373726613 0.45548381005731253 0.24627343800111476 0.04986246915339484
7 0.5293478276924626 0.4833736178485269 0.18323271319243828 0.04212939778484247
9 0.775935095139627 0.4955053306683976 0.11326180234149297 0.04631487404200663
4 0.45490052152450333 0.5792463218587083 0.3772967093203588 0.055386792157844866
10 0.4892550757792295 0.5538448780140248 0.11022107753281625 0.03927996588159931
6 0.5837899827580952 0.5587452709611964 0.09224434885206029 0.04307051691915558
1 0.6588045273326227 0.560372566951015 0.07822107753281625 0.03890761217058843