0 0.5086991396685411 0.3868409903861422 0.2952792558309259 0.05314924415382415
0 0.20783585866909857 0.4050870158427487 0.23922107753281624 0.04217176051784395
8 0.46301621139323823 0.4405380573994442 0.36026762017130387 0.05228382337415837
5 0.7775743896913477 0.45602767531936866 0.12727925583092586 0.05021679324588354
2 0.5641587482236066 0.46680101895719417 0.24224434885206006 0.04622412571262862
7 0.5313158296285023 0.493225001814563 0.18021525970300536 0.04014191168707908
9 0.7753769168415174 0.507984037657048 0.11024434885206005 0.04392005714210393
4 0.45937143237544864 0.5874595096072672 0.37125598451168207 0.05047582908836876
10 0.49222016880036373 0.5620355267498984 0.10720944187319435 0.03786769194731937
6 0.5862463490345131 0.5681763028531509 0.09022689536262715 0.040570955843539654
1 0.6602550757792295 0.5709679776578389 0.07621525970300536 0.03832658493454437