0 0.5008926101845794 0.36883356026313996 0.30163998294079963 0.0602539745433935
0 0.19560205914702297 0.39216608259871044 0.24350035029917064 0.04724158077755692
8 0.45352677509864453 0.42417140337969444 0.36560507478039245 0.05837109869879942
5 0.77321295195415 0.4345945101351289 0.1305934387269233 0.05326915844066821
2 0.5563351305155753 0.44888225922455205 0.24654689451304693 0.05129394597234159
7 0.5226551219859752 0.4769757314321115 0.18346544213876337 0.043194276881863856
9 0.7703296627880114 0.48765560286237764 0.11352362240610887 0.0469724223368886
4 0.44926054706553814 0.5732761337692637 0.3775934387269233 0.057580559477938095
10 0.48246964572881107 0.5476913890941685 0.1104421700318253 0.03992005714210382
6 0.5775394620496256 0.5520331579259877 0.09248871424570143 0.043605865973396024
1 0.6525685521832983 0.5532240280563715 0.0784421700318253 0.03936149506440097