0 0.183757640776766 0.35746733520855545 0.33596002857105195 0.05694897298667002
3 0.5690681657121014 0.3157216529015267 0.3709600285710519 0.05715259703005347
9 0.9231838948017883 0.49217959463788136 0.14490766337626723 0.05283776749277763
7 0.6100966194771472 0.4890005753687104 0.2508203880516262 0.048454457452738894
2 0.6148635067501621 0.44696857730475004 0.25090766337626724 0.05345445745273878
4 0.4895403285670976 0.6297161684354579 0.44601239376583657 0.060588934265875194
10 0.5528770360998253 0.5913438273275567 0.13587275324641088 0.0507854070244789
6 0.6739206737621459 0.5931398699204311 0.1188203880516262 0.04768650391769279
1 0.7779468563595383 0.5940348156200917 0.10987275324641087 0.050634143449394056
8 0.5091042114257845 0.40407944943490043 0.4780298488307649 0.06177510481982563
5 0.9163485823347797 0.4157115927018416 0.16027421973975992 0.07392503493994196