0 0.15941714642903385 0.3886207773647428 0.3188342928580677 0.06875844527051436
3 0.525363733290911 0.30634452771485415 0.36276797952895956 0.07021225135580858
9 0.882263775938912 0.43967300254618735 0.14165161899426856 0.057640683539140924
7 0.5779612385487157 0.4692103628007891 0.24562834688733073 0.056850833099925696
2 0.5784383167409481 0.42821036280078906 0.245686527154676 0.061850833099925694
4 0.4702274665818221 0.6194437844685121 0.4358377958497741 0.07706168325905173
10 0.5302336349077272 0.5752514392871015 0.1336167108338616 0.05454759511138832
6 0.6478499954424181 0.563884203004484 0.11758180267345415 0.05136141825588288
1 0.7484547199236399 0.5537147796308411 0.10760507478039244 0.0532450577211921
8 0.4737932163717553 0.398932148415043 0.4668494319032432 0.07842240091659346
5 0.8701190258688896 0.36632427124128547 0.15789597611711953 0.07882686039464624