0 0.16869041292382467 0.37359373168945176 0.3283141628097916 0.05972526129645542
3 0.5423122539861126 0.3020655374062984 0.36331416280979145 0.060336188568943044
9 0.8986878373726613 0.44636026182431704 0.1412967093203588 0.0534611641548787
7 0.5932809226496366 0.4676927841598875 0.24526180234149297 0.04927649090741329
2 0.5945423916273874 0.4266666015624952 0.2452967093203588 0.05527649090741329
4 0.48213032580203613 0.6156477514318478 0.43633743412903536 0.06561040830870297
10 0.5423830680350705 0.5720917200036906 0.13228507366073677 0.05130406857052458
6 0.6598481610562048 0.5640407498746252 0.11627343800111475 0.04902478753167316
1 0.7618219808220554 0.5577603332519471 0.10728507366073677 0.050867691947319146
8 0.4888416764989095 0.3940081109124221 0.4683316162992245 0.06516897038640582
5 0.8877602268815562 0.3730435400060633 0.1564188837463887 0.07472299012880194