0 0.153 0.38928031618076997 0.306 0.06856063236153989
3 0.5175 0.3145216576702513 0.371 0.07231697583703044
9 0.8855 0.45930372534687447 0.145 0.05868722775301717
7 0.5745 0.48318491271798913 0.251 0.05792064942074023
2 0.5745 0.44118491271798915 0.251 0.06292064942074034
4 0.466 0.6349224009165935 0.446 0.07918967984721166
10 0.526 0.5906205641247386 0.137 0.05559413932526468
6 0.6465 0.5815227085677632 0.12 0.05239632641629032
1 0.75 0.5732270401018135 0.11 0.05427996588159931
8 0.466 0.4084224009165935 0.478 0.08056203355822254
5 0.872 0.38464663862504184 0.161 0.0808734046085226