0 0.16242005544240112 0.3894141307956644 0.32484011088480225 0.06382826159132879
3 0.5338230071037692 0.32225437873963303 0.3646981632081452 0.06423552346274687
9 0.8901474154042209 0.47042008588156536 0.14161671083386135 0.05464068353914104
7 0.5843972402546358 0.4883652715467599 0.24658180267345414 0.05286246915339484
2 0.5858801364736027 0.4468769076002291 0.2466516189942688 0.05886246915339484
4 0.47318092236794573 0.6345911236918952 0.43776797952895957 0.07108495536599002
10 0.5336812726671164 0.5922892869000402 0.1335934387269233 0.05254759511138809
6 0.6517743610948691 0.5856623412093922 0.11757016661998523 0.05036141825588288
1 0.7533499954424181 0.5803434006365044 0.10758180267345414 0.051245057721192096
8 0.48025830821134796 0.41314348593250605 0.46975634347549045 0.07045730907700068
5 0.8789968473074642 0.39728045323993627 0.15787270401018144 0.07682686039464624