0 0.5142950425016479 0.379 0.2963665232780902 0.063
0 0.21275140877806578 0.3865 0.24029670932035874 0.051
8 0.46549251535147823 0.431 0.3613723411079011 0.064
5 0.779338342861488 0.4575 0.1293199806396026 0.055
2 0.564820889372055 0.4605 0.24331998063960258 0.055
7 0.5306725347118756 0.486 0.18126762017130385 0.046
9 0.7735387246262238 0.509 0.11227343800111475 0.047
4 0.45264020328417326 0.5775 0.3713665232780902 0.063
10 0.4882798311996362 0.5535 0.10823853102224916 0.041
6 0.5807274707313377 0.5625 0.09225598451168207 0.044
1 0.6541954726673773 0.568 0.07823271319243805 0.04