0 0.505289224671837 0.38 0.3033490697886573 0.06
0 0.19621068396938907 0.3935 0.24527343800111492 0.047
8 0.45596924403223443 0.435 0.3683490697886573 0.06
5 0.7768441606912988 0.4565 0.13231416280979147 0.054
2 0.5578063447975277 0.463 0.24930252715016968 0.052
7 0.5231492633926318 0.49 0.18525598451168207 0.044
9 0.7710387246262237 0.509 0.11427343800111475 0.047
4 0.4455994784754966 0.5845 0.3803316162992245 0.057
10 0.480747833135676 0.559 0.11022689536262727 0.039
6 0.5762041994120939 0.5665 0.09325016668187118 0.043
1 0.6511780191779445 0.571 0.07823271319243827 0.04