0 0.16832847483133315 0.3595035756423898 0.3285701666199851 0.050908248177993304
3 0.5458579152641765 0.31619689748112 0.36354689451304695 0.04911187222137687
9 0.8909030582813703 0.48621568442552143 0.14055853056651607 0.048814496173533825
7 0.5838972402546356 0.48492961067355816 0.24547707819223252 0.04242536830368408
2 0.5878743184468682 0.4439499730778965 0.24554689451304693 0.04842536830368408
4 0.4637681927689639 0.6242401978409601 0.4365934387269233 0.053536573797576696
10 0.5267219988542581 0.5856038122041448 0.132535258459578 0.04676795353504622
6 0.6447219988542581 0.5862903161218374 0.11652362240610864 0.045674868258071
1 0.7467219988542582 0.586883734762555 0.10654689451304694 0.04761668995996115
8 0.4858455786123661 0.4028536455222736 0.46857016661998524 0.05172274435152713
5 0.8847641262380825 0.41217495961684475 0.15581452374283594 0.07090176362069803