0 0.17893151949723715 0.33302975587653905 0.334389794597334 0.06894315515685911
3 0.5667744380923414 0.30828707384318976 0.3733956124271449 0.07017005051948638
9 0.9138885525011394 0.5018000429577804 0.1453374341290355 0.05884358532258852
7 0.5992954672241639 0.4839703354822349 0.2523199806396026 0.056466093112360796
2 0.6060540272870094 0.4425110602909116 0.2523548876184682 0.062466093112360795
4 0.4710954188231704 0.6207198354366217 0.4484363372358217 0.07760638775530788
10 0.5378830680350706 0.5846096300339557 0.13831416280979147 0.05480286051391204
6 0.6584208839288417 0.5918106785261757 0.12130252715016968 0.052703957407125475
1 0.763452881992802 0.597921550656326 0.11030834497998057 0.05363996127920518
8 0.501777680370989 0.39440600599057224 0.48143633723582163 0.07779837613906944
5 0.9109463974355066 0.42578549838325297 0.16245960855506542 0.07994248842937486