0 0.5052004782431733 0.36653581571131827 0.3005701666199851 0.050745348943286674
0 0.20218267386379896 0.4127957092291323 0.24344217003182525 0.03941373264406207
8 0.4615197691152318 0.4252859823931893 0.3655352584595779 0.04812350788099866
5 0.7811594017568608 0.4114271857685891 0.1295585305665161 0.04875050004561331
2 0.5658045021260536 0.4431780191779445 0.2465003502991708 0.044431186133494976
7 0.5334670565754502 0.4723641897318951 0.18343053397835615 0.038064662855404774
9 0.7815426909229993 0.46442136793877814 0.1125003502991708 0.04365159693882697
4 0.4667859971483382 0.5742452575845127 0.3775119863526397 0.046193321838730296
10 0.4981118066454725 0.546064904860373 0.109418897924887 0.03663414344939429
6 0.5931408967791453 0.5430122110283323 0.09146544213876337 0.04052942251279683
1 0.668181622966287 0.5390758737925107 0.07743053397835616 0.037447972895443625