0 0.17117005051948633 0.3700500940271312 0.33125016668187107 0.04877762649123997
3 0.5508617055395056 0.31041716935440855 0.36524434885206003 0.048371098698799415
9 0.9048158296285024 0.4682555314347477 0.14027343800111475 0.049443709089950515
7 0.5958507366073682 0.479649146497567 0.24622107753281625 0.04229394597234159
2 0.598612205585119 0.43859678130278235 0.2462501666818712 0.047293945972341586
4 0.4786826862703347 0.6247088441590966 0.43925016668187106 0.05066277350348764
10 0.5414499730778966 0.583609175068619 0.13225598451168208 0.046304068570524576
6 0.6604383374182746 0.5795320223421611 0.11625016668187117 0.045024787531673154
1 0.7634267017586527 0.5757341506545547 0.10626762017130387 0.047850236882391074
8 0.4933853102224917 0.4014295631202452 0.47124434885206007 0.05022133558119049
5 0.8973853102224918 0.3943777168892453 0.15638979459733401 0.06972299012880194