0 0.16836352005090674 0.37595412408899664 0.32755853056651607 0.049902430348182404
3 0.5406828109229653 0.319624174608483 0.36154689451304695 0.049100236561754856
9 0.893992217237408 0.47716914178703385 0.13955853056651607 0.048808678343722815
7 0.5891260318523024 0.48689470369469245 0.24447707819223252 0.04241955047387307
2 0.59114895366007 0.4459092482692198 0.2445352584595778 0.04741955047387319
4 0.47728998749838153 0.6292343800111491 0.43458180267345425 0.052524938137954676
10 0.5383129093061491 0.5885921765445228 0.13153525845957778 0.046762135705235096
6 0.6552663650922728 0.5852728626324045 0.11551198635263972 0.04466905042825988
1 0.7572314569318656 0.582866281273122 0.10554689451304694 0.04761087213015026
8 0.4872300557351829 0.40930710288378597 0.4655701666199851 0.051705290862094216
5 0.8841486033608993 0.4046167813187352 0.15480288768936679 0.06989594579088713