0 0.1659433971618273 0.35447739540824047 0.3263141628097916 0.05589661251837151
3 0.5426702925244545 0.3176678083320652 0.36331416280979145 0.05611187222137676
9 0.8856521723075372 0.4946691417870338 0.1412967093203588 0.05182031400334472
7 0.5796841703714977 0.4873888858648815 0.24526180234149297 0.04642536830368408
2 0.5844227013937469 0.4464150660990308 0.2452967093203588 0.05242536830368408
4 0.45688421877249125 0.624179110627945 0.43633743412903536 0.060536573797576695
10 0.5206023873904021 0.5870485428209407 0.13228507366073677 0.04976795353504622
6 0.6395907517307801 0.5897408645684443 0.11627343800111475 0.047674868258070775
1 0.7405762071562528 0.5928284653793507 0.107285073660737 0.04962250778977227
8 0.4821641413309014 0.4043187385434079 0.4683316162992244 0.05972274435152713
5 0.880582691713548 0.42063714372307354 0.15641888374638893 0.07290758145050905