0 0.5190892870104021 0.38048163777811467 0.29709966909047764 0.06472207762404286
0 0.21772892752982786 0.38672756209011155 0.24089020831133912 0.05239627915462927
8 0.4714969503866695 0.4321994730322833 0.3621171241554059 0.06610023656175486
5 0.7859595096072671 0.46052627159292325 0.12996002857105213 0.055750500045613195
2 0.5720206023345159 0.46278125601337883 0.2439600285710519 0.05641373264406218
7 0.5379569789577215 0.4875805408849009 0.1818029329866981 0.04705302719578299
9 0.7813671729835346 0.512494273528963 0.1128203880516262 0.04765159693882697
4 0.4620541173986533 0.5786296590745518 0.37209966909047776 0.06515841485986448
10 0.49613519584037613 0.5548303742030298 0.10871565766205686 0.04162832561958316
6 0.5897922914247301 0.5643743412903541 0.09276802285684152 0.044535240342607946
1 0.6638882942818353 0.5703048606963648 0.07869820259712879 0.04045379072525452