0 0.16422241098778495 0.382 0.3243490697886573 0.06
3 0.534809345071207 0.311 0.3653490697886573 0.06
9 0.8961558393087011 0.4565 0.14131416280979148 0.054
7 0.5887780137347312 0.4775 0.2472967093203588 0.051
2 0.589539482712482 0.4365 0.2473257984694135 0.056
4 0.4801448703765635 0.6265 0.4393839767675231 0.066
10 0.539891794779787 0.583 0.13429670932035878 0.051
6 0.6583452521412994 0.575 0.117285073660737 0.049
1 0.7613016184177173 0.5675 0.1072908914905479 0.05
8 0.483344585413815 0.403 0.4713781589377121 0.065
5 0.883722410987785 0.382 0.15843633723582162 0.075