0 0.17953624043383437 0.35 0.32534325195884634 0.059
3 0.5523529787947893 0.3185 0.35934906978865727 0.06
9 0.8903943703309504 0.4975 0.13930834497998057 0.053
7 0.5878303742030299 0.4865 0.24329089149054767 0.05
2 0.5935976610105915 0.4465 0.24331998063960258 0.055
4 0.4661070544827923 0.62 0.4323723411079012 0.064
10 0.5299005215245034 0.5845 0.1322908914905479 0.05
6 0.6469237928437472 0.5885 0.11527925583092588 0.048
1 0.7469441552480856 0.592 0.10529089149054789 0.05
8 0.4923474943287205 0.4035 0.4633781589377122 0.065
5 0.8859667598398451 0.424 0.15543051940601071 0.074