0 0.1625 0.3778908586887263 0.325 0.05778171737745254
3 0.5355 0.3177311066326948 0.363 0.058223887409277725
9 0.891 0.4728677236409544 0.141 0.05264068353914104
7 0.5845 0.48480127325267997 0.245 0.047850833099925695
2 0.587 0.4438303633863527 0.245 0.05385083309992569
4 0.4735 0.6295096713176116 0.436 0.06307331931252089
10 0.534 0.5882136525524913 0.132 0.050535959057919175
6 0.6515 0.5835808888351087 0.116 0.04834978220241373
1 0.7535 0.5797677662889553 0.107 0.050245057721192095
8 0.4815 0.40810275974536425 0.468 0.06244567302353164
5 0.8805 0.39874554507952903 0.156 0.07381522434117721