0 0.1775 0.34896733520855544 0.325 0.060890794688560505
3 0.5505 0.3152972846890691 0.359 0.06208860090213295
9 0.8875 0.49233667604277714 0.139 0.05380867834372282
7 0.585 0.4830965695605911 0.243 0.051413732644062064
2 0.591 0.4430616625817254 0.243 0.05641373264406218
4 0.4625 0.6173092537124332 0.432 0.06651330247833266
10 0.5265 0.5814369126045319 0.132 0.05076795353504622
6 0.6435 0.5847562265166503 0.115 0.04866905042825988
1 0.7435 0.5876744435355546 0.105 0.05061087213015025
8 0.49 0.4006492633926319 0.463 0.06769365520247231
5 0.8835 0.418859947362021 0.155 0.07490176362069814