0 0.48924134148948134 0.37014348593250607 0.3066516189942688 0.05956063236153989
0 0.1818405982431392 0.418059581464028 0.2475119863526397 0.04687410520686387
8 0.44794532272436094 0.4301547716868045 0.3726167108338616 0.057328611890499474
5 0.7722358737619175 0.4159306710375225 0.13360507478039244 0.05354759511138832
2 0.5541373176066009 0.4478881933545275 0.25155853056651606 0.050920649420740344
7 0.5229805811839389 0.47702165767025134 0.18648871424570165 0.04416430594524968
9 0.774864220649248 0.46995394314446065 0.11553525845957802 0.0473381461489447
4 0.45870818482492737 0.5817594961680264 0.38460507478039246 0.05646824453212867
10 0.48986492124758935 0.5526260318523025 0.11245380608529422 0.040303237988537605
6 0.586818377033713 0.5497547290388036 0.09448871424570165 0.04309378902609387
1 0.6622601967663675 0.5456332510757195 0.07945380608529422 0.03991924822405781