0 0.1771133449013214 0.3555130372501517 0.3276167108338615 0.056804989484390715
3 0.5521711748694962 0.32188237532779296 0.36162834688733053 0.05820061530233954
9 0.8961842121196479 0.49886190561421984 0.1405934387269233 0.05262904748567189
7 0.591131849879037 0.49081290930614907 0.24452362240610886 0.04783919704645655
2 0.5951547716868044 0.44986527154676 0.24458180267345414 0.05283919704645666
4 0.4722259892043016 0.6264107648631243 0.43466325504773784 0.06205004720558281
10 0.5347954552259455 0.5901438362316767 0.13157016661998522 0.05052432300445003
6 0.6528187273328836 0.5935168905410287 0.11553525845957802 0.04733814614894481
1 0.7538361814130872 0.5961921319414063 0.10657016661998522 0.050233421667722954
8 0.4931718754678375 0.4071842121196479 0.4656632550477379 0.062410764863124316
5 0.8898347802164046 0.42579790732013995 0.1558261597963051 0.07280358828770807