0 0.501204957498352 0.3702899226008194 0.2922792558309259 0.05309687895903949
0 0.20545803309512867 0.41895662181957183 0.23721525970300536 0.04113685038798758
8 0.460539482712482 0.4285055802628764 0.35625598451168206 0.050214003114445405
5 0.7709696687547505 0.4110857826026648 0.12627343800111476 0.04919933818095547
2 0.5611354769043628 0.4432513462375905 0.24024434885206006 0.046189215582772246
7 0.5313041939688804 0.47277499818543695 0.17820944187319446 0.0391070015572227
9 0.7722663780751093 0.4620683275377365 0.10924434885206005 0.043902602077175744
4 0.46738306803507057 0.5734008498733071 0.36825016668187094 0.04942346389358408
10 0.4982172598854583 0.5443597428605322 0.10620362404338346 0.03685023688239107
6 0.5902056242258363 0.5407538768871363 0.08922689536262715 0.04055350077861135
1 0.6631852618214981 0.5359796571473764 0.07521525970300535 0.0383091298696163