0 0.501 0.38291473273528864 0.3 0.04574534894328656
0 0.1975 0.42064902138766364 0.242 0.03540791481425117
8 0.458 0.4401645660534175 0.365 0.04112350788099866
5 0.777 0.4355204537631123 0.129 0.046750500045613194
2 0.5615 0.4602667114388514 0.246 0.03943118613349497
7 0.529 0.48957763196999543 0.183 0.03506466285540478
9 0.777 0.4885204537631123 0.112 0.04165159693882697
4 0.4615 0.5891849284577558 0.376 0.04018750400891918
10 0.493 0.5618681900968011 0.109 0.034634143449394285
6 0.588 0.5619208839288417 0.091 0.03952942251279683
1 0.663 0.5598572211646633 0.077 0.0354479728954434