0 0.16880747532200485 0.39 0.32511712415540595 0.064
3 0.5334721628549962 0.3135 0.36015203428526227 0.066
9 0.8923547792176979 0.45 0.14096002857105192 0.055
7 0.5908086109058315 0.476 0.24394257350612383 0.054
2 0.5911104083087029 0.436 0.24402984883076487 0.059
4 0.4883919605152078 0.624 0.43325676467483165 0.072
10 0.5466326651908303 0.5805 0.13390766337626747 0.052
6 0.6634581145415482 0.5705 0.11687275324641086 0.05
1 0.7628010189571942 0.5615 0.10690766337626724 0.052
8 0.48557802882839224 0.4055 0.4642742197397599 0.073
5 0.8780980145428662 0.378 0.15732658493454438 0.076