0 0.1649562581794888 0.3381265953914774 0.3086981632081451 0.06358390446847807
3 0.5385664503882744 0.3002747113940397 0.3737097992616141 0.0653402479439685
9 0.8907249383067897 0.4817020926798601 0.14463998294079966 0.05667559169954814
7 0.5756027597453643 0.4748674495226218 0.2525934387269233 0.053932285474209266
2 0.5811198635263972 0.43329763320180725 0.25266325504773796 0.05993228547420938
4 0.45071435315083247 0.6148394102864609 0.44877961558242874 0.07221295195414995
10 0.5162780011457417 0.5765714307575013 0.13760507478039244 0.053594139325264675
6 0.6373419994398218 0.5806634682877421 0.12058180267345416 0.05139632641629032
1 0.7423827256269635 0.5829416826734882 0.10960507478039244 0.053268329828130165
8 0.4760904230935539 0.38901360078932656 0.4817796155824287 0.07259694171862975
5 0.8858405982431392 0.40574863689373636 0.16188434006365038 0.0778734046085226