0 0.162 0.38567227948162874 0.324 0.07065544103674255
3 0.53 0.3022488155880447 0.362 0.07231873350401474
9 0.8885 0.4324911748112787 0.141 0.058461164154878585
7 0.5845 0.46479751454945684 0.245 0.05827649090741329
2 0.5845 0.4237975145494568 0.245 0.06327649090741329
4 0.4785 0.6156477514318478 0.435 0.07959295324377444
10 0.5375 0.5711179026010831 0.133 0.055321523635452875
6 0.6555 0.5590582049395533 0.117 0.05204224259660145
1 0.756 0.5483039709142674 0.107 0.05386769194731914
8 0.479 0.3946390238993838 0.466 0.08113406025654944
5 0.876 0.36020936312288143 0.157 0.07974044519373023