0 0.17 0.37747812908974443 0.33 0.05283989764479793
3 0.547 0.3233649212475893 0.364 0.05123552346274687
9 0.9005 0.4854782661489107 0.14 0.05062904748567189
7 0.594 0.49241181576063625 0.246 0.04486246915339484
2 0.596 0.45143508786757447 0.246 0.04986246915339484
4 0.4785 0.636067851584957 0.438 0.05609659141945895
10 0.5405 0.5957892869000402 0.133 0.04754759511138809
6 0.6595 0.5926739772628614 0.116 0.04634978220241374
1 0.7615 0.590360854716708 0.106 0.04823342166772295
8 0.4905 0.41270748422658604 0.47 0.05446894513046982
5 0.8925 0.41038517772115807 0.156 0.07181522434117721