0 0.15430968808403014 0.3570836918047745 0.3086193761680603 0.05080352724139607
3 0.5268870053978492 0.3074136412852882 0.3725585305665161 0.050164232689675375
9 0.8808739681476975 0.4783424938725881 0.14358180267345416 0.05083194966296662
7 0.5668623320942284 0.4811692924332281 0.2514887142457017 0.04346027528254979
2 0.57085104633993 0.4391489300288897 0.25155853056651606 0.04946027528254979
4 0.4436925584214148 0.6253761587552592 0.44760507478039246 0.054600569925496986
10 0.5076521825334437 0.5855067265622635 0.13654689451304694 0.04779122485428979
6 0.6296521825334437 0.5847969513253269 0.11953525845957802 0.046692321747503686
1 0.7336580005601782 0.5836918970249876 0.10855853056651586 0.04862832561958316
8 0.4658397605856316 0.3977627110739455 0.48058180267345424 0.05279255830925854
5 0.8757583082113481 0.4023774008514538 0.1598261597963051 0.07192503493994196