0 0.1604695773959766 0.35183644805083536 0.31134906978865734 0.0654285251926757
3 0.5366615657797381 0.32539955246384517 0.3753607054482793 0.0685456493480816
9 0.8875823583498059 0.5170437353185777 0.14531998063960258 0.057530984414591556
7 0.571643445562821 0.5010279348012611 0.25330252715016965 0.056416131426839
2 0.577387794414881 0.45912393765836623 0.2533316162992246 0.061416131426839
4 0.4433260404743817 0.6393024140229132 0.451389794597334 0.0748722342826261
10 0.5095500269221035 0.6019544483081757 0.1373025271501697 0.054391343895165846
6 0.6315267556028595 0.6080839662294182 0.12029089149054789 0.052094607791386124
1 0.7365063931985213 0.613416748046881 0.11030252715016968 0.053920057142103815
8 0.47265250567127953 0.41179115584090337 0.4833956124271449 0.07643079636032916
5 0.884027422330344 0.4404739150588649 0.1624479728954434 0.07982772051837128