0 0.17318746337890353 0.331958608463839 0.3351520342852624 0.06794315515685911
3 0.5581412950670371 0.3037216529015267 0.37016948935019056 0.06914677920024247
9 0.8983161051982117 0.4922232283614635 0.14499493870090827 0.05783776749277763
7 0.5871128413019915 0.47703548234757615 0.25096002857105193 0.05645445745273878
2 0.5948197714315843 0.43649475753889944 0.25104730389569296 0.06145445745273878
4 0.457247680004218 0.6132772556484729 0.4452916748046881 0.0765831164360643
10 0.5233673348091697 0.5773961877958553 0.13692511844119554 0.05379122485429002
6 0.6432538768871363 0.5831980482185406 0.11989020831133894 0.05169232174750368
1 0.7466666015624952 0.5875959028331067 0.10992511844119554 0.05363414344939429
8 0.4926488870156746 0.3895939940094278 0.4773091298696163 0.07776928699001473
5 0.8971514176652203 0.4157377729359909 0.16137895012932904 0.07993085276975284