0 0.5095666636282787 0.378009635477169 0.2955003502991706 0.04471625979423186
0 0.20872921807767528 0.408757893335361 0.23839562581794893 0.03538464349500737
8 0.46390922660727546 0.43477143781866195 0.3604538060852943 0.04109441873194396
5 0.7788685004201337 0.436438821428211 0.12753525845957803 0.04673886438599129
2 0.5641590514576901 0.4556867459226609 0.2424421700318253 0.03940791481425117
7 0.5323390599872903 0.483370007561706 0.18039562581794893 0.03504720936597198
9 0.7752517895862722 0.4894562749176439 0.11046544213876336 0.04063996127920518
4 0.4607103628007891 0.5807801645633783 0.3704305339783561 0.03915259703005358
10 0.4935187182177198 0.5540910850945223 0.10739562581794883 0.03462250778977227
6 0.5874896280840471 0.5560442090922925 0.0904421700318253 0.038523604682985935
1 0.6604838100573127 0.5561195075160928 0.07640726187141808 0.0354421550656325