0 0.5118169758370303 0.37985844545107045 0.3005701666199851 0.054236519478465195
0 0.2070904230935539 0.3980346506479641 0.2434421700318252 0.04224158077755692
8 0.4664627768045646 0.43455551246437246 0.3655352584595779 0.05237109869879941
5 0.7855791373392554 0.45012367817647386 0.1295585305665161 0.050251703375740135
2 0.5687594961680263 0.4618359290870507 0.24650035029917058 0.047293945972341586
7 0.5355736696116916 0.48825118441195536 0.18343053397835615 0.04019427688186374
9 0.7831958481731169 0.5030713129816892 0.11250035029917058 0.04495496727196041
4 0.4641965487714582 0.5834856922046595 0.3775119863526397 0.050580559477938096
10 0.49689401138126205 0.5580617093472907 0.10941889792488711 0.037902602077175745
6 0.5914463736218729 0.5642112129830072 0.09146544213876337 0.041588410908467724
1 0.6664638277020765 0.5670203428526236 0.07743053397835616 0.0383440399994729