0 0.5179892607817749 0.3791031100445349 0.29994257350612363 0.05747917998725632
0 0.21365761454813872 0.3945657497899332 0.24275056779191334 0.045815924939518485
8 0.47002050467825873 0.434056215531488 0.36490766337626734 0.05623552346274687
5 0.7877586787043356 0.45275648053465684 0.13089020831133893 0.05251268695098111
2 0.571557945457661 0.46174309298533456 0.2458203880516262 0.0498508330999257
7 0.5375953862370632 0.4878532851941202 0.1826982025971288 0.04211776173137332
9 0.7828335602631399 0.5057099363207805 0.11278547792176982 0.04630323798853749
4 0.46093715506888255 0.5819805811839389 0.37689020831133907 0.05537515610437595
10 0.49587353169208803 0.5573820250286223 0.10966329246727219 0.03926832982813039
6 0.5892688013025187 0.5644699960279818 0.09271565766205686 0.04207051691915558
1 0.6642251636401981 0.567842700038163 0.07866329246727219 0.03890761217058843