0 0.1682282288175959 0.38203424025138144 0.33236070544827917 0.0639315194972371
3 0.5497977094115851 0.30581182926359646 0.37736652327809017 0.06519332183873007
9 0.9221703838832285 0.4536505054888265 0.14631998063960258 0.05584940315239942
7 0.604801285053975 0.47799766645380487 0.25530252715016966 0.053483546601793594
2 0.605551118372104 0.4349918486239939 0.2553316162992244 0.05848354660179359
4 0.4926943219299567 0.6321550812224428 0.4533956124271449 0.07063547690436281
10 0.5554354285033691 0.5872885579443526 0.1383025271501697 0.05280286051391181
6 0.6768859769499761 0.5780816916223216 0.12129089149054789 0.05070395740712547
1 0.7828423432263938 0.5699650016623602 0.11030834497998057 0.05363996127920518
8 0.496350403243626 0.40112599207338806 0.486395612427145 0.07082746528812436
5 0.9097253199026905 0.37722031944655804 0.1634479728954434 0.07794830625918575