0 0.5118321651974209 0.382 0.2970123937658366 0.058
0 0.20960524935335406 0.395 0.2408203880516262 0.047
8 0.4628895916912971 0.436 0.3610123937658366 0.058
5 0.7770404903927327 0.456 0.12992511844119553 0.053
2 0.5619183049382352 0.463 0.24389020831133917 0.051
7 0.5274732007825658 0.4885 0.18175056779191345 0.043
9 0.7701240994840014 0.5085 0.11180293298669812 0.046
4 0.4508498797442415 0.5815 0.3719949387009084 0.057
10 0.4852775288349828 0.557 0.10868074753220049 0.039
6 0.5776466158480211 0.5645 0.09173311272698516 0.042
1 0.6515767955883083 0.5685 0.07768074753220049 0.039