0 0.17795044015275424 0.3374753266963793 0.3405818026734543 0.053956258179488716
3 0.5668977276129727 0.28544308387017076 0.37658180267345415 0.054375156104375835
9 0.9280715678166678 0.45675410462130034 0.14385686436666448 0.052687227753017284
7 0.6119456730235316 0.4609427335710002 0.25450035029917056 0.04595555758114756
2 0.6154453227243609 0.4178961893571238 0.25455853056651606 0.05095555758114756
4 0.49012708274981437 0.6068797861744322 0.45260507478039247 0.057259496168026086
10 0.5541674586377856 0.5666292607256762 0.13754689451304694 0.04859413932526468
6 0.6776674586377855 0.5651922081222442 0.12053525845957802 0.047396326416290095
1 0.7836674586377855 0.5639587864545212 0.10957016661998523 0.05026832982813039
8 0.5074566084786594 0.37714706510505036 0.4855934387269233 0.05664348593250611
5 0.9203124904773953 0.37982973896884936 0.15937501904520945 0.07387340460852261