0 0.1800597537580464 0.3356177617313734 0.338389794597334 0.07093298607255065
3 0.5687110173331312 0.3141383685041128 0.3733956124271449 0.07234024794396862
9 0.9140969029243333 0.5096702610311507 0.1453374341290355 0.059687227753017394
7 0.6006958060311195 0.4890223582685926 0.25231998063960237 0.05793228547420927
2 0.6069372459682741 0.44759217458940714 0.2523548876184682 0.06393228547420926
4 0.4698958544321132 0.6250096713176116 0.4484363372358216 0.08021295195414996
10 0.537108205220213 0.5892892869000402 0.13831416280979147 0.055605775378733596
6 0.6585703893264419 0.5972030673965341 0.12130252715016968 0.05340796246975924
1 0.7625383912624816 0.6039132169573188 0.11030834497998057 0.05427996588159931
8 0.5042077750544836 0.3998936610820914 0.48143633723582163 0.08059694171862974
5 0.9120419669048713 0.4331411708974779 0.16245960855506564 0.08088504066199176