0 0.5017950425016479 0.37313542905158137 0.2952792558309259 0.05143263577338007
0 0.2025390579899659 0.4206146090388377 0.23922107753281624 0.04078101677911127
8 0.458460517287518 0.4311357793507519 0.360267620171304 0.05018897924887051
5 0.7730303312452494 0.41547624053472487 0.12727925583092586 0.04947777879057367
2 0.5608587052658263 0.4474430838701708 0.24224434885206006 0.044815924939518484
7 0.5296899882013085 0.4768038015277124 0.18021525970300536 0.03909448962443526
9 0.7737278040950798 0.46746460448125576 0.11024434885206029 0.04327996588159931
4 0.464608205220213 0.5775543269764684 0.37125598451168207 0.04831697583703044
10 0.49577110445491973 0.5491936093189268 0.10720944187319446 0.0372450577211921
6 0.5887827401145417 0.5461114563463018 0.09022689536262715 0.04004724481221774
1 0.6628060114337856 0.5412503883895896 0.07621525970300536 0.03788434006365037