0 0.15747897086817733 0.3766556855251501 0.31495794173635466 0.05868862894969982
3 0.5316819281840764 0.30629216547424337 0.3743257984694135 0.060351883997437655
9 0.8972830734782838 0.4565275518778238 0.14530834497998057 0.054687227753017285
7 0.5826841703714977 0.4771870906938509 0.25227925583092586 0.05093228547420926
2 0.5844285192235578 0.4351696366136473 0.25230834497998056 0.05593228547420938
4 0.46580567807004336 0.6295368728962647 0.4503490697886574 0.06523622406108802
10 0.5285616625817254 0.584809619554447 0.13629089149054766 0.05158250327179553
6 0.6505994784754967 0.5768900210312186 0.11927925583092565 0.04938469036282095
1 0.7566314765394568 0.5701565993634956 0.1102908914905479 0.05127996588159931
8 0.4761408700116576 0.399932148415043 0.48234906978865727 0.06560857777209879
5 0.8882223196290111 0.3811380943857801 0.1614363372358216 0.0768734046085226