0 0.5045492095480751 0.3913846280484628 0.29962834688733053 0.05921906441353712
0 0.20296158884788634 0.4366306535050693 0.2425003502991707 0.04722412571262862
8 0.46286268239339917 0.4496689703864058 0.36460507478039245 0.05835364363387123
5 0.7805663133291081 0.4377109535011149 0.1305934387269233 0.05326915844066821
2 0.5656706875111592 0.46796684207401223 0.24554689451304693 0.05127649090741329
7 0.5348216059070867 0.4974344625937016 0.18246544213876337 0.04317682181693567
9 0.7814496024952466 0.4907371360985072 0.11252362240610887 0.04695496727196041
4 0.4696289104265055 0.5988173384382957 0.3765934387269233 0.0575631044130098
10 0.500466355977109 0.5703497179186063 0.1094421700318253 0.03990260207717574
6 0.5955129001909854 0.568007949086787 0.09247707819223251 0.04260586597339602
1 0.6695652624315962 0.5647996238914751 0.0784421700318253 0.03936149506440097