0 0.49685322079975747 0.37480639068107324 0.29931416280979156 0.05747917998725632
0 0.1922484998631603 0.389263212399737 0.24225016668187108 0.045815924939518485
8 0.4495361490750604 0.42875949616802633 0.3643025271501697 0.05623552346274687
5 0.7669459727129906 0.44795394314446063 0.13029670932035878 0.05251268695098099
2 0.5508848854999756 0.45594055559513835 0.24527343800111498 0.0498508330999257
7 0.5162248951801742 0.48303911175045494 0.18223271319243828 0.04211776173137344
9 0.76313762773301 0.5009132169573188 0.11226180234149297 0.04630323798853749
4 0.4416722013481335 0.5771780437937427 0.3762967093203588 0.05537515610437595
10 0.47632346492321836 0.5515794876384261 0.10922107753281625 0.03926832982813039
6 0.5702827401145416 0.55967327666452 0.0922385310222494 0.04207051691915581
1 0.6452711044549199 0.5625459806747015 0.07822107753281625 0.03890761217058843