0 0.1825304226040234 0.34794988171912256 0.33836070544827923 0.06396642647610293
3 0.5693413431351674 0.31319838158228286 0.3733548876184682 0.06317005051948626
9 0.9214205505650995 0.4966563233186375 0.14431998063960258 0.05583776749277763
7 0.6063594633520845 0.4879889397090884 0.2522967093203588 0.05246609311236079
2 0.6116151145000245 0.44595694164512817 0.2523316162992244 0.0584660931123608
4 0.4806652327809019 0.6272248951801743 0.448389794597334 0.06960638775530788
10 0.545447064162991 0.5893467362424621 0.1373025271501697 0.05279704268410069
6 0.6674703354822348 0.5926369610055255 0.12029089149054789 0.050698139577314574
1 0.7714906978865732 0.5955319067051863 0.10930252715016968 0.05263414344939406
8 0.5073504032436259 0.40106199594546754 0.481389794597334 0.06979837613906943
5 0.9169754865845614 0.42017959463788135 0.1614421550656325 0.07693667059956386