0 0.15549859880331743 0.3758326784213808 0.31099719760663486 0.06366535684276164
3 0.5249975479058056 0.3071496542584113 0.37170979926161407 0.06531697583703044
9 0.8887812300191156 0.45890263180136176 0.14462834688733073 0.05567559169954825
7 0.5760252368427957 0.4772663650922727 0.2515934387269233 0.053920649420740235
2 0.5785139510884971 0.43528963719921093 0.2516516189942686 0.05892064942074023
4 0.46327982882243296 0.6259747631572042 0.4467679795289596 0.07118967984721167
10 0.5252801791216036 0.583690380445553 0.13660507478039244 0.053582503271795534
6 0.6463790855760908 0.5765983429153123 0.11957016661998524 0.05038469036282117
1 0.7499663559771089 0.5703026744493624 0.10960507478039244 0.053268329828130394
8 0.4709153949331807 0.39953294342454976 0.4787796155824287 0.07256203355822254
5 0.8776597520560315 0.38326299915973266 0.1608843400636506 0.07786176855505346