0 0.16526895362627259 0.3918966767154608 0.32634906978865735 0.06379335343092157
3 0.5383500698798838 0.32424274268616393 0.3673548876184682 0.06527043162315409
9 0.9011936552024724 0.47345499404197255 0.14231416280979148 0.05565231959260995
7 0.5923245563732188 0.4923594535200254 0.2482967093203588 0.05388574126033302
2 0.5925831164360642 0.4508652715467599 0.2483257984694135 0.058885741260332906
4 0.4836885041001457 0.6395853056651606 0.4413839767675231 0.07113149957986616
10 0.5434383374182746 0.5972834688733057 0.13429670932035878 0.052559231164857466
6 0.662891794779787 0.5906739772628614 0.118285073660737 0.05037305430935203
1 0.7658481610562048 0.5843724907701772 0.10829670932035879 0.052256693774661016
8 0.4858911280523026 0.41662603185230246 0.473389794597334 0.07250385329087704
5 0.8892660447113672 0.3998211794270781 0.15943633723582162 0.07685013250158443