0 0.5129019854571338 0.38706790623020904 0.30004730389569295 0.06521906441353713
0 0.20817506961306695 0.3947528389595668 0.24382038805162626 0.05124158077755692
8 0.46295941195101 0.44021260804872636 0.36501239376583655 0.06435364363387111
5 0.7810928555875174 0.46677204622836366 0.13192511844119553 0.05528661350559651
2 0.5639706701330199 0.46998429713894047 0.24689020831133918 0.055293945972341475
7 0.5295255659773505 0.4948908249313811 0.18376802285684152 0.04719427688186374
9 0.7746851922112501 0.5186760433712584 0.1128203880516262 0.048954967271960415
4 0.4513847898740979 0.5875555124643724 0.3769949387009083 0.0635631044130098
10 0.4863124389648392 0.5636577122043959 0.10968074753220049 0.04090260207717574
6 0.5811815259778776 0.5728159433725766 0.09273311272698516 0.043605865973396024
1 0.6551117057181648 0.5781076181772647 0.07868074753220049 0.04036149506440097