0 0.18200424236987411 0.34240551037556477 0.32537234110790114 0.06778171737745253
3 0.5553587966246002 0.31305944440486166 0.3593839767675231 0.07017734319540136
9 0.8904321862247214 0.4936730025461874 0.1403199806396026 0.05662904748567189
7 0.5878391009477462 0.48119290872058545 0.24331416280979146 0.05682756099298763
2 0.5946092966702134 0.4416114563463019 0.2433432519588464 0.061827560992987626
4 0.46410414556788687 0.6141415973774865 0.4324188837463888 0.07702677509864451
10 0.528403430439409 0.5788910719287306 0.1333025271501697 0.05354759511138832
6 0.6454383374182746 0.5835296536728476 0.11629089149054767 0.051349782202413735
1 0.7454674265673294 0.5873660483259391 0.10630252715016968 0.05323342166772318
8 0.493844585413815 0.3972808797199449 0.4634247015761997 0.07838749275618624
5 0.8875045757336163 0.4202020926798601 0.1564421550656325 0.07781522434117721