0 0.17939981194573756 0.3400188552768862 0.3291694893501906 0.07081662553785975
3 0.5649197976602115 0.3170103719159529 0.37620439948004697 0.0733635200509068
9 0.9167886251913576 0.5140655365499289 0.1470123937658368 0.05969886380648631
7 0.600509344152506 0.4943885436536981 0.2539774836359802 0.05894392152767841
2 0.6057587763605927 0.4514583599745126 0.25406475896062125 0.06394392152767842
4 0.4729006880476719 0.6298758567027171 0.4523091298696163 0.08024786011455717
10 0.5392635781777919 0.5941554722851459 0.13894257350612382 0.055605775378733596
6 0.6613770360998253 0.6020750708083741 0.12190766337626746 0.05340796246975924
1 0.7659730389569305 0.6087910383958934 0.11192511844119554 0.054291601935068455
8 0.5009558433738948 0.4042482104137279 0.4843265849345446 0.08162021382556782
5 0.9124533127243489 0.4375306283895216 0.16439640519425758 0.08189667671546079