0 0.1850435285805069 0.3475 0.3297679795289596 0.066
3 0.5632409911903108 0.3215 0.36476797952895956 0.066
9 0.9034169331890296 0.5085 0.14265161899426881 0.056
7 0.5977307563335241 0.4925 0.24662834688733073 0.054
2 0.6027536781412917 0.4515 0.24669816320814517 0.06
4 0.47228416947164703 0.626 0.43784943190324316 0.073
10 0.5368710895734945 0.5905 0.1346167108338616 0.053
6 0.654440905894309 0.5965 0.1185934387269233 0.051
1 0.7565107222151235 0.6025 0.10860507478039244 0.052
8 0.5012300557351829 0.4065 0.46984943190324313 0.073
5 0.8995558652323172 0.4345 0.15890761217058866 0.078