0 0.5027892246718371 0.3770619959454675 0.28922107753281623 0.03968135281536615
0 0.20759723628807544 0.4117782557396994 0.2341687170645177 0.030361372175763564
8 0.45846924403223444 0.4323179804571496 0.3531861705539507 0.03405369392326724
5 0.7684750618620453 0.42951445321575343 0.12425016668187118 0.043721410896558385
2 0.5583470696062044 0.45273619747605404 0.23819198838376154 0.03438464349500737
7 0.5271841703714977 0.4809165502001937 0.17617453489432863 0.031023938046728063
9 0.7671725347118756 0.48152027104556444 0.10722107753281625 0.03862250778977227
4 0.4586256587096459 0.5773121626273386 0.36517453489432866 0.03212350788099866
10 0.4907827401145417 0.5501259920733881 0.10418035272413965 0.03160505430033936
6 0.5827769222847308 0.5505907517307801 0.08720362404338335 0.03550615119355325
1 0.6557827401145416 0.5491660501545805 0.07419198838376133 0.03343051940601072