0 0.18400862042009966 0.343452790634028 0.3287563434754905 0.0669082481779933
3 0.5607060830299034 0.3152594687952978 0.36276797952895956 0.06810605439156575
9 0.8983703889751532 0.4993075868937224 0.1416516189942688 0.05682031400334472
7 0.5946783940929133 0.48457329824134726 0.2456283468873305 0.05542536830368408
2 0.6002071339274154 0.44403839126248157 0.245686527154676 0.06042536830368408
4 0.47072017117756704 0.6178034358826222 0.4358377958497741 0.07453075596776557
10 0.5338187273328836 0.5829340036896264 0.13361671083386137 0.053773771364857115
6 0.6518943616804327 0.5887474997719339 0.11758180267345415 0.05068068608788167
1 0.753952541947778 0.5931540811312164 0.10760507478039244 0.052622507789772274
8 0.49868351152130663 0.39962599207338806 0.4668494319032432 0.07571110869190512
5 0.8960035029917065 0.4248163136384388 0.15789597611711953 0.07791339928031994