0 0.496 0.3748856435862339 0.296 0.03972207762404287
0 0.194 0.40712865898332534 0.24 0.03139627915462927
8 0.451 0.43062384124474085 0.361 0.03510023656175486
5 0.768 0.43146809329481367 0.127 0.04473886438599129
2 0.554 0.45322307771526926 0.243 0.03541373264406218
7 0.522 0.4810369071613187 0.18 0.032047209365971864
9 0.767 0.48446227546500276 0.11 0.03863996127920507
4 0.452 0.5786296590745519 0.373 0.033170050519486266
10 0.485 0.5518216474583133 0.107 0.03262250778977227
6 0.579 0.5533685234605432 0.089 0.03651778685317504
1 0.653 0.5527990428665538 0.075 0.03443633723582161