0 0.5186241971402585 0.3795 0.29583784311655426 0.048
0 0.21803439116607168 0.403 0.23966329246727225 0.038
8 0.47306677064638236 0.4335 0.3608029329866979 0.046
5 0.7877413212956644 0.4435 0.12783784311655427 0.048
2 0.5745031472695877 0.4585 0.24273311272698517 0.042
7 0.5419657064901855 0.485 0.1806458374023441 0.037
9 0.7861489846719317 0.4955 0.11073311272698516 0.042
4 0.4721326651908303 0.5805 0.37176802285684163 0.044
10 0.5046875610351608 0.555 0.10762838233741581 0.036
6 0.5977573812948737 0.559 0.09068074753220048 0.039
1 0.6717835638922659 0.5605 0.07664583740234411 0.037