0 0.5154391543984558 0.39041953817831915 0.30057016661998526 0.054236519478465195
0 0.20970678362824474 0.40807828831028464 0.2434421700318252 0.04224158077755692
8 0.46907913733925544 0.444599150126693 0.3655352584595778 0.05237109869879941
5 0.7892013159006808 0.46068477090372256 0.1295585305665161 0.050251703375740135
2 0.5718700386759826 0.4713882942818352 0.2465003502991708 0.047293945972341586
7 0.5391900301463823 0.49831227713920406 0.18343053397835615 0.04019427688186374
9 0.7858180267345424 0.5136149506440097 0.1125003502991708 0.04495496727196041
4 0.4668129093061491 0.5935293298669801 0.3775119863526397 0.050580559477938096
10 0.5005161899426874 0.5686228020745395 0.109418897924887 0.037902602077175745
6 0.5955627341565637 0.5742810332427203 0.09146544213876359 0.041588410908467724
1 0.6695801882367675 0.5770727080474083 0.07743053397835616 0.0383440399994729