0 0.5112863157569315 0.3715368241593603 0.2913374341290355 0.0630794238941113
0 0.21471359288429454 0.3892122509105768 0.23526180234149296 0.04910194025813121
8 0.4629837886067618 0.4243746672759147 0.3543316162992245 0.06317909298458903
5 0.7723645230956372 0.43947232468063135 0.12730252715016968 0.054216793245883535
2 0.561320889372055 0.4506553433804853 0.2402908914905479 0.054189215582772246
7 0.5281725347118756 0.47673136052311643 0.17824434885206028 0.0451070015572227
9 0.7675619959454675 0.4915508724728084 0.10926180234149296 0.04690260207717574
4 0.45314311219907877 0.5690317628602686 0.36631998063960247 0.06138855376372749
10 0.4872856490294472 0.5439382906527093 0.10622107753281625 0.039850236882391074
6 0.578742015305865 0.5498411522117774 0.08923853102224916 0.04255350077861135
1 0.6517187439866211 0.5525669324720175 0.07622107753281625 0.0393265849345446