0 0.1661899940284493 0.35949278077658287 0.32483784311655445 0.05177008132398339
3 0.5384754719502192 0.31016998691281794 0.3588203880516262 0.05116570714193233
9 0.8790517485747428 0.4736730025461874 0.13883784311655425 0.0496057753787336
7 0.5760604761072068 0.47669872674732 0.24271565766205686 0.04381592493951848
2 0.5812586787043356 0.43664636450670913 0.2428029329866981 0.04881592493951848
4 0.45615167714711274 0.6160659630299374 0.43185529818148255 0.0540151390451756
10 0.5193149696143851 0.5773387096881197 0.1317854779217698 0.04652432300445025
6 0.636314969614385 0.5759772914322369 0.11476802285684153 0.04532651009547544
1 0.736314969614385 0.5748136860853283 0.10482038805162619 0.048210149560784885
8 0.4794481537690001 0.3983390599872903 0.4628552981814826 0.0543758567027171
5 0.8733346958469668 0.40025445492047096 0.15420439948004697 0.07078031618076988