0 0.5079671015559046 0.36758235834980585 0.3021345792203342 0.06675116677309757
0 0.20209801454286624 0.3768626142719583 0.24489020831133912 0.052419550473873186
8 0.4588922199971001 0.4208732498403536 0.3661345792203342 0.06712350788099866
5 0.7783635067501621 0.44601736213065885 0.13196002857105213 0.0557621357052351
2 0.5609333270098749 0.45128274011454167 0.2479600285710519 0.05643700396330598
7 0.5263697036330803 0.47648636415792517 0.1848203880516262 0.048070480685215786
9 0.7732798976588935 0.4985522691095246 0.11485529818148257 0.04966323259844887
4 0.4504842971389405 0.5694372459682742 0.37811712415540594 0.06619332183873007
10 0.48406537558066326 0.5452394397547016 0.11071565766205685 0.04163996127920518
6 0.5792311986974813 0.5541867459226609 0.09378547792176982 0.045541058172418845
1 0.6538272015545865 0.5592533176017448 0.07969820259712879 0.04045960855506564