0 0.16116423268967536 0.37107496506005805 0.31725016668187106 0.04484425205007278
3 0.5368617055395057 0.31688746105113885 0.36924434885206003 0.044146779200242466
9 0.8948274652881244 0.48081049580862784 0.14227343800111475 0.047826131833155615
7 0.5818565544371791 0.4876314765394569 0.24922107753281625 0.039448639622927884
2 0.585612205585119 0.44560820522021305 0.24925016668187117 0.04444863962292789
4 0.4647001397597676 0.6333179804571496 0.4442501666818712 0.045583116436064074
10 0.5274616087375185 0.5919514571790594 0.13426180234149296 0.045779589194668006
6 0.6484499730778965 0.5892474997719338 0.11725016668187117 0.04368068608788167
1 0.7524383374182746 0.5866424454715944 0.10726762017130385 0.04662250778977227
8 0.4793853102224917 0.4072248951801743 0.4762443488520602 0.044769286990014735
5 0.8863853102224917 0.4048570384471154 0.1573956124271449 0.06891339928031993