0 0.1619673352085554 0.3825975052578046 0.3239346704171108 0.06278171737745254
3 0.52967320143936 0.3078154375811815 0.35934906978865727 0.06417734319540136
9 0.8828412517763934 0.44669627465312556 0.13930834497998057 0.054617411432202743
7 0.5802219862652688 0.47071618082752364 0.2432908914905479 0.052827560992987625
2 0.582454699457707 0.43069290872058547 0.24331998063960236 0.05782756099298763
4 0.47187258311286934 0.6179670565754503 0.4323723411079012 0.06902677509864452
10 0.5321169319649295 0.5752688933673051 0.1322908914905479 0.05153595905791917
6 0.6486663835183226 0.5654132931381569 0.11527925583092588 0.049338146148944814
1 0.7487071083269994 0.5572496877912483 0.10529089149054789 0.051221785614253806
8 0.4776437789265631 0.3994146943348394 0.4633781589377121 0.07038749275618625
5 0.8712630444376877 0.3743359072947545 0.15543051940601071 0.07580358828770818