0 0.5012775890122151 0.38785875292168415 0.3013781589377121 0.06850245209419449
0 0.19523686420353836 0.39129812056014424 0.24429670932035874 0.05383919704645666
8 0.45196924403223443 0.440288586301699 0.36537815893771197 0.0692471595162159
5 0.7708150715422442 0.47050048735833694 0.1313199806396026 0.056524323004450025
2 0.5522918002230003 0.471958009675342 0.24731998063960237 0.057874105206863875
7 0.518143445562821 0.4970623838573931 0.18427343800111476 0.049141033838311615
9 0.7640067265622634 0.523424853010788 0.11428507366073677 0.05032651009547567
4 0.43910529630530754 0.58864895366007 0.3773723411079011 0.06838679215784486
10 0.47424492422077047 0.565056215531488 0.11023853102224916 0.04227996588159931
6 0.5691925637524718 0.575161640611051 0.09326180234149296 0.046082152972624954
1 0.6426605656885116 0.5815168905410287 0.07923271319243827 0.04091924822405781