0 0.5132195020728795 0.3844729110333982 0.30228507366073676 0.05075698460290846
0 0.2053591299883424 0.40668101945162394 0.2442210775328163 0.03941955047387319
8 0.46654530054229293 0.44019947303228324 0.368273438001115 0.04914096137043157
5 0.788606387755308 0.45257281423141094 0.13028507366073677 0.0497563178754242
2 0.5691907462875668 0.4657958005879062 0.24825598451168207 0.04544282179311699
7 0.5363507366073682 0.4931038122041447 0.18421525970300537 0.038070480685215895
9 0.7849147327352887 0.5055495429121671 0.11325016668187118 0.04365741476863787
4 0.4634179750139363 0.5901762017130395 0.3802559845116821 0.04621077532816298
10 0.4972638025239459 0.563874007926612 0.10920944187319435 0.03663414344939429
6 0.5922870738431898 0.5684267017586527 0.09223271319243827 0.04053524034260795
1 0.6672987095028117 0.5708630389944744 0.07722107753281625 0.0384479728954434