0 0.17302025647356872 0.3464832132380515 0.32963998294079966 0.056914066007804305
3 0.5575606323615399 0.30922307771526925 0.37263998294079964 0.057164232689675375
9 0.9126434859325061 0.4902767716385365 0.14461671083386135 0.05383776749277763
7 0.5980853056651606 0.48344706416299105 0.25154689451304696 0.048460275282549904
2 0.6020907733927244 0.4409732443971403 0.25161671083386133 0.054460275282549785
4 0.4752259892043016 0.6237227443515271 0.44769816320814504 0.06260056992549698
10 0.5397721831190073 0.5851009032892391 0.13658180267345416 0.050791224854289795
6 0.6608012732526799 0.5883048606963648 0.11955853056651608 0.04869232174750368
1 0.7658187273328836 0.590415732826515 0.10958180267345415 0.050634143449394285
8 0.4960904230935539 0.39735946335208455 0.480686527154676 0.06179255830925854
5 0.9062591458688556 0.41424477357457623 0.16084943190324316 0.07393085276975285