0 0.4882804979271206 0.37579251577341394 0.2963665232780902 0.06644427182684899
0 0.19193142813846323 0.439236787600263 0.24029670932035868 0.0537926528325803
8 0.4494285192235577 0.4367405038319737 0.3613723411079011 0.06820061530233955
5 0.7631001452029809 0.40359260106941564 0.1293199806396026 0.05650105089751196
2 0.5523645230956372 0.4465419903246581 0.24331998063960258 0.05782756099298763
7 0.5226870792864031 0.477385253901996 0.18126762017130385 0.04810612567790429
9 0.7652918002230004 0.45656351093574293 0.11227343800111475 0.04830323798853749
4 0.46208202498606377 0.5820834171101411 0.3713665232780902 0.06731697583703045
10 0.4917565598803924 0.5517401535328031 0.10823853102224916 0.042256693774661014
6 0.585297284689069 0.5436521825334437 0.09225598451168207 0.045070516919155805
1 0.6593409184126513 0.5352911145767314 0.07823271319243827 0.040907612170588664