0 0.5151132078421551 0.38606790623020903 0.2996981632081452 0.06521906441353713
0 0.210461939147057 0.3937528389595668 0.24354689451304698 0.05124158077755692
8 0.4659848609548245 0.4392213355811905 0.3646748911012069 0.06435364363387124
5 0.7837405038319737 0.46577204622836366 0.13161671083386137 0.05528661350559651
2 0.5666590514576901 0.46898429713894046 0.2465934387269233 0.055293945972341475
7 0.5323623320942285 0.4938908249313811 0.1835119863526397 0.04719427688186374
9 0.7776354290515813 0.5176760433712584 0.11254689451304693 0.048954967271960415
4 0.4547685430681345 0.5865555124643724 0.37666325504773784 0.0635631044130098
10 0.4895536263781271 0.5626577122043959 0.10945380608529422 0.04090260207717574
6 0.584466355977109 0.5718159433725766 0.09248871424570143 0.043605865973396024
1 0.6584198117632327 0.5771076181772647 0.07845380608529422 0.04036149506440097