0 0.48307248165501326 0.3805 0.3037563434754906 0.065
0 0.17985104633993004 0.4425 0.24559343872692335 0.051
8 0.44285104633993 0.4425 0.36976797952895957 0.066
5 0.7636884918905334 0.4135 0.13265161899426858 0.056
2 0.5477172317250356 0.454 0.24965161899426858 0.056
7 0.5173448780140248 0.486 0.18554689451304693 0.047
9 0.7655775990834065 0.466 0.11557016661998523 0.049
4 0.4551172743730364 0.5915 0.38074470742202143 0.064
10 0.4859721740038435 0.561 0.11047707819223251 0.041
6 0.5805594444048615 0.5535 0.09452362240610865 0.045
1 0.6561467148058798 0.546 0.07947707819223251 0.041