0 0.1710437418205112 0.34305463636243805 0.3356981632081451 0.06584744675095294
3 0.556427731584991 0.31677483635980186 0.37170979926161407 0.06747582908836876
9 0.9032808797199449 0.5073666540197498 0.1446283468873305 0.056513529349663257
7 0.5904030582813703 0.49140321869721765 0.2515934387269233 0.05538122129698263
2 0.5963917725270718 0.44949922155432287 0.2516516189942688 0.06038122129698263
4 0.46229146487590206 0.6276951529837982 0.4467679795289596 0.07378495895798505
10 0.5282278168809927 0.5913384597365964 0.13660507478039244 0.05437388883023755
6 0.6486754546403818 0.5979417950604465 0.11957016661998524 0.051077152726457825
1 0.7526405464799746 0.6027571218129812 0.10960507478039244 0.053902602077175746
8 0.4929212129599152 0.40218389480178823 0.4787796155824286 0.07534352103568802
5 0.9001710378103298 0.4307968337600369 0.1608843400636506 0.0787928103885148