0 0.510898428211314 0.3809467307992489 0.2966748911012069 0.05972207762404275
0 0.2095496969064121 0.3921926551112458 0.240546894513047 0.048396279154629386
8 0.4635151390451755 0.4336674749683231 0.3606748911012069 0.06009441873194396
5 0.7782594961680264 0.4564971824438685 0.12961671083386136 0.053750500045613304
2 0.5633409485423099 0.46224634903451306 0.2435934387269233 0.052413732644062065
7 0.5306376679057715 0.4875543606507516 0.18150035029917058 0.04405302719578288
9 0.7733587529216841 0.5079651843799082 0.11153525845957801 0.04664577910901607
4 0.45621982087839635 0.5801151145000244 0.37166325504773795 0.05915841485986448
10 0.48993473756840383 0.5558129207135969 0.10845380608529433 0.03962832561958317
6 0.583522007969422 0.5638568878009211 0.09148871424570143 0.04252942251279683
1 0.6565685521832983 0.568281589377121 0.07745380608529422 0.0394479728954434