0 0.5105 0.38147000211849275 0.295 0.059716259794231744
0 0.21 0.3927217442603006 0.238 0.046384643495007365
8 0.4625 0.4336907462875669 0.358 0.06008278307232195
5 0.776 0.4565146359333013 0.129 0.05275050004561319
2 0.562 0.4622696203537569 0.242 0.05240791481425117
7 0.529 0.4880776319699954 0.18 0.04404720936597198
9 0.7705 0.508482637869341 0.111 0.04664577910901607
4 0.4535 0.5796383858192683 0.37 0.059152597030053586
10 0.4875 0.5558361920328407 0.107 0.03962250778977227
6 0.581 0.564380159120165 0.09 0.04252360468298593
1 0.654 0.5688048606963648 0.076 0.039442155065632506