0 0.5269158822915176 0.38253981607622417 0.3016981632081452 0.06175116677309757
0 0.22156133295988117 0.3932624690689773 0.24454689451304698 0.04841955047387319
8 0.47853841115211365 0.4357547424154874 0.3656748911012069 0.060123507880998656
5 0.7982885863016991 0.4591135390400876 0.13161671083386137 0.053762135705235095
2 0.5813642206492481 0.4643510699711103 0.2475934387269233 0.052437003963305986
7 0.5466783940929133 0.49114744592772686 0.1845119863526397 0.0450704806852159
9 0.793899479108826 0.5115844498910328 0.11354689451304693 0.047657414768637864
4 0.47177218311900726 0.5847052908620942 0.37766325504773784 0.0591933218387303
10 0.5054812817822801 0.5599030970756667 0.11045380608529433 0.03963996127920518
6 0.6000685521832984 0.567952881992802 0.09250035029917081 0.04353524034260772
1 0.6751209144239092 0.5728892192286237 0.07845380608529422 0.03945379072525452