0 0.506789224671837 0.3888846280484628 0.2902792558309259 0.05306196882918311
0 0.21065541458618497 0.4067179288297103 0.23521525970300536 0.04110194025813121
8 0.4609779707769509 0.44159042259422887 0.35425598451168205 0.05017909298458903
5 0.7704197924788414 0.45699276518951215 0.12527343800111476 0.04918188311602716
2 0.5598354339465825 0.46781847402212234 0.23923853102224915 0.04517176051784395
7 0.5276783525416866 0.4942599119444195 0.17720944187319446 0.039089546492294514
9 0.7676172653286717 0.5089491275271917 0.10824434885206029 0.043885147012247445
4 0.4556343854543623 0.5865118748020518 0.36625016668187105 0.049388553763727486
10 0.4887827401145417 0.5615878919446831 0.10520362404338346 0.03683278181746277
6 0.5807594687952978 0.567193757918079 0.08822107753281626 0.03953604571368305
1 0.6537507420505815 0.5699679776578389 0.07520944187319446 0.0373091298696163