0 0.4996713881095005 0.36906781377527853 0.3005119863526397 0.04574534894328667
0 0.1948281245321625 0.40033934295271445 0.24239562581794888 0.03540791481425117
8 0.45301395108849724 0.4258354339465825 0.3654538060852943 0.04112350788099866
5 0.7729615888478863 0.42847372840707676 0.12953525845957803 0.046750500045613194
2 0.5567405038319737 0.4487303796462431 0.2464421700318253 0.03943118613349497
7 0.5229205123615739 0.47642527694491016 0.18339562581794894 0.03506466285540478
9 0.7708448780140249 0.48148245515179317 0.11247707819223252 0.04165159693882697
4 0.45078017912160356 0.5748383428614879 0.3764421700318252 0.04018750400891918
10 0.4835885345385343 0.5481492633926318 0.10939562581794894 0.034634143449394285
6 0.5785594444048615 0.5500965695605912 0.09145380608529421 0.03952942251279683
1 0.6535536263781271 0.5501602323247695 0.07740726187141786 0.03544797289544363