0 0.5085718319454738 0.3765 0.3051345792203341 0.065
0 0.20612786337363107 0.437 0.24789020831133912 0.051
8 0.47014531843855933 0.438 0.3711520342852623 0.066
5 0.7911216664907128 0.408 0.1339774836359802 0.056
2 0.5758547792176979 0.45 0.2509774836359802 0.056
7 0.5469046137629368 0.4815 0.1868378431165545 0.048
9 0.7960642399968365 0.462 0.1158552981814828 0.049
4 0.4867548506453278 0.5875 0.3821345792203342 0.065
10 0.5167311986974813 0.5575 0.11173311272698515 0.042
6 0.6126002857105196 0.55 0.09478547792176982 0.045
1 0.6879693727235581 0.5425 0.08073311272698515 0.042