0 0.5157717711824041 0.3920417236328167 0.2963083449799806 0.058166699218752456
0 0.2146670502458069 0.40478774908942317 0.2392443488520601 0.04617176051784395
8 0.46845469945770707 0.4457213355811905 0.3603025271501697 0.058283823374158376
5 0.7833645230956372 0.466719681033579 0.12829670932035878 0.05323424831081183
2 0.5683034358826221 0.47346684207401224 0.24227343800111475 0.05122412571262862
7 0.5356492633926319 0.49939955246384515 0.18023271319243828 0.04314191168707919
9 0.7780649048603729 0.518132405708938 0.11125598451168207 0.04593751220703211
4 0.46110529630530755 0.5916078776591571 0.3712908914905479 0.056475829088368755
10 0.49475365096548696 0.5666926223342523 0.10822107753281625 0.03988514701224767
6 0.5882129261568102 0.5753246709050407 0.09123853102224916 0.042588410908467725
1 0.6612041994120937 0.5780988906448006 0.07722107753281625 0.03934403999947267