0 0.5064217003182522 0.38292055056509955 0.2975003502991706 0.044727895453853764
0 0.2053755064035465 0.4201664748770966 0.24039562581794888 0.03539627915462927
8 0.46409077339272453 0.4401703838832285 0.3624538060852943 0.041106054391565866
5 0.7810151390451755 0.43551463593330136 0.12853525845957778 0.0467446822158023
2 0.5668176764353716 0.4602667114388514 0.2444421700318253 0.03941955047387307
7 0.5356493039592406 0.48858344979980634 0.18139562581794894 0.03505302719578299
9 0.780120213825568 0.48750590918858494 0.11146544213876336 0.040645779109016074
4 0.46931290930614905 0.5881907462875667 0.37344217003182517 0.040170050519486265
10 0.5014929178357492 0.5608798257564228 0.10839562581794894 0.034628325619583164
6 0.5954870998090147 0.5609267017586527 0.0904421700318253 0.038523604682985935
1 0.6694580096753421 0.5588572211646633 0.07640726187141808 0.0354421550656325