0 0.17392012584258346 0.3575 0.3283141628097916 0.054
3 0.5516441122903052 0.319 0.36331416280979145 0.054
9 0.894625992073388 0.494 0.1412967093203588 0.051
7 0.5886608990522538 0.488 0.24526180234149297 0.045
2 0.5933965211595974 0.4475 0.2452967093203588 0.051
4 0.46585803853834196 0.626 0.4363374341290355 0.058
10 0.5295791160711583 0.588 0.13228507366073677 0.049
6 0.6475645714966308 0.5905 0.11627343800111475 0.047
1 0.7495558447519145 0.592 0.107285073660737 0.049
8 0.4911466878414686 0.4045 0.4683316162992245 0.057
5 0.889565238224115 0.4185 0.15641888374638893 0.072