0 0.16670204858344662 0.37754296699609785 0.3273083449799806 0.05490243034818241
3 0.5383238896457344 0.3103787343064225 0.36131416280979145 0.056100236561754856
9 0.8926965641173779 0.45832213146824974 0.1402967093203588 0.05181449617353383
7 0.5882867404794476 0.47559366064568565 0.24426180234149297 0.04641955047387308
2 0.5895482094571984 0.4345849339009692 0.2442908914905479 0.051419550473873185
4 0.4781303258020362 0.6212394397547016 0.4343316162992244 0.05952493813795445
10 0.538391794779787 0.5798874610511389 0.13128507366073677 0.0497621357052351
6 0.6563539788860158 0.5727009571334462 0.11526762017130386 0.04666905042825988
1 0.7568219808220554 0.5666162652374451 0.10628507366073676 0.04961668995996115
8 0.4848474943287205 0.40069289711621403 0.46533161629922437 0.05970529086209422
5 0.8827660447113671 0.3843774008514538 0.15541306591657802 0.07190176362069815