0 0.183 0.34537060221515753 0.336 0.06990971396561235
3 0.5695 0.3148732675493563 0.371 0.07231697583703044
9 0.914 0.5013646471292567 0.145 0.05868722775301728
7 0.6015 0.4890009138383456 0.251 0.05792064942074035
2 0.6085 0.44741946146406203 0.251 0.06292064942074034
4 0.474 0.6259845106556539 0.446 0.07918967984721166
10 0.5395 0.5897223491534288 0.137 0.05559413932526468
6 0.66 0.5948202047104041 0.12 0.05239632641629009
1 0.764 0.5986100551496194 0.11 0.05427996588159931
8 0.5055 0.40111797497137774 0.478 0.08056203355822254
5 0.9115 0.42489373726292934 0.161 0.0808734046085226