0 0.502204957498352 0.3702724675358912 0.29622107753281623 0.043166699218752456
0 0.20040276371192456 0.4095438971442129 0.2401745348943287 0.03418921558277225
8 0.45853657379757645 0.42804049039273273 0.36119198838376154 0.03930127843908644
5 0.7755307559677656 0.42150723481048785 0.12725598451168207 0.046216793245883535
2 0.5606587482236066 0.4472600737700546 0.24319780621357245 0.03824158077755692
7 0.5288216474583134 0.4758186358477575 0.18018035272413954 0.03414191168707919
9 0.7738332831179352 0.47354214494034425 0.11022107753281625 0.03992005714210393
4 0.46039761260959794 0.5760230353278045 0.37318035272413963 0.03751073921822513
10 0.4922405312047021 0.5484644732501016 0.10718617055395055 0.033867691947319374
6 0.5862463490345131 0.5478236971468491 0.08920944187319446 0.03755350077861135
1 0.6602405312047022 0.5455320223421611 0.07519780621357244 0.0353091298696163