0 0.17021147246489965 0.38640249474219535 0.32602984883076486 0.06278171737745254
3 0.5369808903874602 0.3201845624188185 0.36004730389569295 0.06417734319540136
9 0.8934769646721954 0.4673037253468744 0.13992511844119554 0.054617411432202743
7 0.5913347935032238 0.4842838191724763 0.24387275324641086 0.052827560992987625
2 0.5926365909060952 0.44430709127941453 0.2439600285710519 0.05782756099298763
4 0.4863832329827437 0.6290329434245497 0.43311712415540593 0.06902677509864452
10 0.5456501202557585 0.5877311066326948 0.13287275324641087 0.05153595905791917
6 0.6620017522038687 0.5805867068618431 0.1158378431165545 0.049338146148944814
1 0.7618795667493712 0.5747503122087516 0.10587275324641086 0.051221785614253806
8 0.4870693012959281 0.4105853056651606 0.4641345792203341 0.07038749275618625
5 0.8802114724648996 0.3946640927052455 0.156291674804688 0.07580358828770818