0 0.1721351435406206 0.3650218709102556 0.3262443488520601 0.04579335343092157
3 0.5458326163904509 0.30866998691281794 0.3602385310222492 0.04518897924887051
9 0.8947751048198256 0.46662064030557643 0.13826762017130387 0.047605775378733596
7 0.5908041939688804 0.47515800056017826 0.24321525970300537 0.03982756099298763
2 0.5935656629466314 0.4341230923997709 0.24324434885206028 0.044827560992987625
4 0.47562450797222516 0.617507782762592 0.43324434885206003 0.047038411152113664
10 0.536397612609598 0.5777979835009778 0.13025598451168208 0.04551268695098088
6 0.654385976949976 0.5744249291916259 0.11424434885206006 0.04332651009547567
1 0.7563743412903541 0.5712380517377792 0.10426180234149297 0.04621014956078488
8 0.48934458541381504 0.39733324196055575 0.46423853102224916 0.04639912880965528
5 0.887344585413815 0.39270209267986006 0.1533839767675231 0.06778031618077