0 0.501 0.38408526726471137 0.303 0.056762802432719466
0 0.1925 0.4038800677613911 0.244 0.044419550473873075
8 0.452 0.4388703409254482 0.368 0.05514096137043157
5 0.7735 0.4529999086412261 0.131 0.052762135705235094
2 0.5545 0.4657740133698253 0.248 0.049442821793116994
7 0.5215 0.4919660017535868 0.184 0.04207048068521579
9 0.77 0.5065202710455644 0.114 0.04566323259844887
4 0.446 0.5889052479043139 0.38 0.05321077532816298
10 0.4805 0.563204532775836 0.11 0.03863996127920518
6 0.5755 0.5686518389437951 0.093 0.04254105817241884
1 0.6505 0.5712155017079735 0.078 0.03945379072525452