0 0.5140666636282788 0.381 0.29567489110120687 0.058
0 0.21291539493318062 0.394 0.2385236224061088 0.045
8 0.4654499527944173 0.434 0.35867489110120687 0.058
5 0.777711413698301 0.4545 0.12960507478039243 0.052
2 0.5646241432972829 0.462 0.2425934387269233 0.051
7 0.5303274239338213 0.4875 0.18050035029917058 0.043
9 0.7721063389179087 0.5065 0.11153525845957801 0.046
4 0.4547452709611964 0.5805 0.37066325504773784 0.057
10 0.4885303542711889 0.556 0.10745380608529422 0.039
6 0.5814430838701707 0.5635 0.09048871424570143 0.042
1 0.6538965396562945 0.5675 0.07645380608529422 0.039