0 0.16543227233886576 0.37598481610272516 0.3308645446777315 0.04879508155616827
3 0.5474143792229704 0.3296526509053043 0.36773311272698517 0.04840600882865578
9 0.8995342935098145 0.5008491989548216 0.1418203880516262 0.0494611641548787
7 0.5884295631202451 0.5014206737621459 0.24866329246727217 0.04232885610219796
2 0.5921626758472303 0.4594730389569306 0.24875056779191346 0.04732885610219796
4 0.46791603377058183 0.6433609761006162 0.44275056779191335 0.050715138698272315
10 0.5316142363677105 0.6044606451910939 0.13376802285684153 0.046321523635452874
6 0.651649146497567 0.6045552529824799 0.11675056779191345 0.045024787531673154
1 0.7546840566274234 0.6043531246700865 0.10680293298669813 0.047850236882391074
8 0.48784342337943076 0.41864025713946773 0.47473311272698515 0.05027370077597516
5 0.8928434233794308 0.4257095584353958 0.15718694441511888 0.07072299012880194