0 0.4992282288175959 0.383 0.3033490697886573 0.06
0 0.1965540272870094 0.439 0.24527343800111492 0.047
8 0.4585831164360642 0.444 0.3683490697886573 0.06
5 0.7794463974355067 0.4205 0.13231416280979147 0.054
2 0.563661657138512 0.4575 0.24930252715016968 0.052
7 0.5343449187775572 0.489 0.18525598451168207 0.044
9 0.7827547424154873 0.4735 0.11427343800111475 0.047
4 0.471952881992802 0.5935 0.3803316162992245 0.057
10 0.5027812560133789 0.564 0.11022689536262727 0.039
6 0.5977492579494185 0.5585 0.09325016668187118 0.043
1 0.6722143509705528 0.5525 0.07823271319243827 0.04