0 0.5098357673103247 0.372 0.30122689536262715 0.039
0 0.20263214326694118 0.407 0.24317453489432864 0.03
8 0.46449833318128925 0.43 0.36719780621357245 0.034
5 0.7865041510111002 0.429 0.12926180234149295 0.045
2 0.5683761587552593 0.451 0.24720362404338356 0.035
7 0.5352074416907414 0.48 0.18318035272413954 0.031
9 0.7841958060311195 0.482 0.11222689536262714 0.039
4 0.4646256587096459 0.58 0.3791803527241395 0.031
10 0.4977827401145417 0.553 0.10818617055395055 0.032
6 0.5937769222847308 0.554 0.09121525970300536 0.037
1 0.6687827401145416 0.553 0.07620362404338357 0.035