0 0.1769737122596924 0.33948696274984835 0.33270979926161415 0.0648631697517361
3 0.5635955405219473 0.30248381005731256 0.37572143531508323 0.0663635200509068
9 0.9177656644939315 0.48488791923619484 0.14563998294079966 0.05668722775301728
7 0.601631849879037 0.4770649121324255 0.25360507478039246 0.054943921527678415
2 0.6061431356333354 0.4350067318650801 0.25366325504773773 0.05994392152767841
4 0.4757667153914434 0.6190485089497337 0.45177961558242863 0.07224786011455717
10 0.5413303633863527 0.5807805294207742 0.13760507478039244 0.053594139325264675
6 0.6633827256269635 0.583860930897546 0.12058180267345416 0.05139632641629009
1 0.7684234518141054 0.586139145283292 0.11060507478039244 0.05327996588159931
8 0.5011136952004921 0.3907226994525995 0.48379125163589765 0.07362021382556781
5 0.9128638703500773 0.4074344634500711 0.1628959761171195 0.07888504066199176