0 0.16305009402713122 0.36396067500954077 0.32610018805426244 0.05180498948439072
3 0.5374754719502192 0.32281837703371297 0.3618203880516262 0.05120061530233954
9 0.8810342935098144 0.4953502695607508 0.1398378431165545 0.049617411432202746
7 0.5760255659773504 0.49230127325268 0.24471565766205686 0.04383919704645666
2 0.5802412236394073 0.4513419994398218 0.2448029329866981 0.04883919704645666
4 0.4550993119523281 0.6299224009165935 0.4348727532464109 0.05505004720558281
10 0.5182800594845286 0.5916496542584112 0.13180293298669812 0.047524323004450024
6 0.6352800594845286 0.5930110725142942 0.11576802285684153 0.04533814614894482
1 0.7372800594845286 0.5941979499681408 0.10582038805162619 0.048221785614253804
8 0.4784568813014642 0.4091493039592406 0.4658552981814827 0.054410764863124315
5 0.8753346958469668 0.42076881718646725 0.15520439948004697 0.07079195223423904