0 0.15599206098525198 0.36891339928032 0.31198412197050396 0.04482679856063999
3 0.529167383609549 0.3180892676296173 0.3672443488520603 0.044135143540620675
9 0.8832074416907415 0.4851545972125064 0.14127343800111475 0.04782031400334472
7 0.5721725347118758 0.48934525214129926 0.24822107753281625 0.03944282179311699
2 0.5754168835639358 0.4473627056307322 0.24825016668187116 0.04444282179311699
4 0.4533347672190981 0.6326587482236066 0.44225016668187117 0.04557148077644228
10 0.5165732982413472 0.5920252715016968 0.13325598451168208 0.044773771364857114
6 0.6365849339009692 0.5907234110790114 0.11625016668187117 0.043674868258071
1 0.74059075173078 0.5903284653793508 0.10626762017130387 0.04661668995996115
8 0.47064377892656306 0.40775183350058186 0.47424434885206007 0.044757651330392834
5 0.8766437789265631 0.41011387240382974 0.1563956124271449 0.06890758145050904