0 0.5094217003182522 0.38293800405453243 0.2925003502991706 0.04469880630479895
0 0.21224750981538654 0.40920719968577324 0.2363839897644798 0.034373007835385466
8 0.4660675012857864 0.4381820195428504 0.3564421700318252 0.04007114741270015
5 0.7771140454996628 0.44399136461405747 0.12652362240610865 0.0457330465561804
2 0.5658293124888407 0.4612608936090405 0.2404421700318253 0.03939627915462927
7 0.5351376679057716 0.4875805408849009 0.1773839897644798 0.03402975587653907
9 0.7757074842265861 0.49497972895443565 0.1094654421387636 0.04063414344939417
4 0.4662547290388037 0.5831732927981339 0.367418897924887 0.038135143540620677
10 0.4984463736218729 0.55686237226699 0.1063839897644798 0.03361668995996115
6 0.5904754637555457 0.5598976126095979 0.0894421700318253 0.038517786853175036
1 0.6634754637555457 0.5603223141857977 0.07540726187141808 0.03543633723582161