0 0.5085 0.3868759005159986 0.294 0.05313178908889597
0 0.2095 0.40565683610246156 0.238 0.04115430545291576
8 0.4625 0.44057296752930064 0.358 0.05124891324430189
5 0.776 0.45604513038429684 0.127 0.04921679324588365
2 0.5635 0.4668359290870506 0.241 0.04620667064770043
7 0.5305 0.4932599119444194 0.179 0.040124456622151
9 0.7725 0.507984037657048 0.11 0.04392005714210393
4 0.458 0.5864944197371237 0.37 0.05045837402344068
10 0.492 0.5625878919446831 0.106 0.03785023688239107
6 0.585 0.5682112129830073 0.089 0.04055350077861135
1 0.658 0.5709854327227672 0.075 0.0383091298696163