0 0.1589636906429102 0.37418973454655696 0.3179273812858204 0.05962053090688607
3 0.5288695513176456 0.3027051779257241 0.36362834688733053 0.060336188568943044
9 0.8826183252705483 0.44699990234374276 0.1415934387269233 0.05346116415487859
7 0.5769379664417774 0.46783242467931324 0.24552362240610864 0.04927649090741329
2 0.57891504463401 0.4268062420819209 0.2455934387269233 0.05527649090741329
4 0.46323910263529117 0.6157873919512735 0.4366748911012069 0.06561040830870297
10 0.5242278168809927 0.5727313605231165 0.13257016661998522 0.0513040685705248
6 0.6427976332018073 0.5646629353291228 0.11654689451304694 0.04902478753167316
1 0.744849995442418 0.5583825187064444 0.10757016661998522 0.050867691947319146
8 0.47381648847869345 0.3941477514318479 0.4686632550477378 0.06516897038640582
5 0.8739793932272605 0.37316572546056087 0.156837795849774 0.07472299012880194