0 0.1791529103871967 0.3535064845572953 0.332960028571052 0.056931519497237106
3 0.5589634353225322 0.3162201688003638 0.36696002857105214 0.05712932571080955
9 0.9100355267498984 0.49424477357457625 0.14290766337626723 0.05282613183315561
7 0.5999482514252573 0.48744124633318003 0.2478203880516262 0.04843700396330587
2 0.6047413212956645 0.4469732443971403 0.24790766337626724 0.05343700396330598
4 0.4803745054502796 0.6257314710962435 0.44101239376583656 0.06055984511682027
10 0.5432112129830072 0.5881009032892393 0.13385529818148278 0.04977377136485711
6 0.6632548506453277 0.5912990428665539 0.1178203880516262 0.047680686087881896
1 0.7662810332427201 0.5933982793370822 0.10887275324641087 0.050628325619583164
8 0.5004907535037512 0.4033710990117065 0.4730123937658366 0.06074601567077093
5 0.9032438519452103 0.420212775510616 0.15925676467483163 0.07291921711013094