0 0.5035 0.376429277309816 0.299 0.05573953111347566
0 0.2025 0.42467811053671845 0.242 0.04440791481425117
8 0.4615 0.43568492845775586 0.364 0.054117690051187765
5 0.78 0.41953790725254514 0.13 0.0517563178754242
2 0.5655 0.45178998275809523 0.245 0.04842536830368408
7 0.535 0.48111253894886113 0.182 0.041058845025593885
9 0.7805 0.47204081616745064 0.112 0.04565159693882697
4 0.47 0.583234380011149 0.376 0.053187504008919174
10 0.5015 0.5549176416501941 0.109 0.03863414344939429
6 0.5955 0.5514645176524239 0.092 0.04153524034260772
1 0.6705 0.5469008548882456 0.078 0.03845379072525452