0 0.165411399097867 0.359974486493335 0.32828507366073684 0.050908248177993304
3 0.5426761103542654 0.3166678083320652 0.363273438001115 0.04911187222137676
9 0.8886899882013085 0.4881865952764667 0.14027925583092588 0.048814496173533714
7 0.581692897116214 0.4859005215245034 0.24523853102224916 0.04242536830368408
2 0.5854314281384632 0.4449208839288417 0.24527343800111476 0.04842536830368408
4 0.4623784009426803 0.6252111086919051 0.4362967093203588 0.053536573797576696
10 0.5251052963053076 0.5865747230550898 0.13226762017130386 0.04676795353504622
6 0.6431052963053075 0.5872612269727826 0.11626180234149297 0.045674868258070773
1 0.7450994784754966 0.5888546456135 0.10627343800111476 0.04761668995996115
8 0.4831641413309014 0.4043245563732188 0.4682850736607368 0.05172274435152713
5 0.8821234165222247 0.41364587046779 0.15540724808676692 0.07090176362069815