0 0.5155281942831534 0.3710387246262237 0.29775056779191345 0.044727895453853764
0 0.21470894181535385 0.41179280031422677 0.24059347220755944 0.03539627915462927
8 0.47253186051652585 0.4287947091379058 0.3626807475322005 0.04110605439156575
5 0.7899009475295643 0.41944754817292745 0.12880293298669812 0.0467446822158023
2 0.5758722342826261 0.44769547266737736 0.2446632924672722 0.03941955047387307
7 0.5448697036330803 0.4763787343064224 0.18159347220755945 0.03505302719578299
9 0.7898260659707599 0.4724533660027384 0.11169820259712879 0.040645779109016074
4 0.4795977550609739 0.5757685289037565 0.3736632924672722 0.040170050519486265
10 0.5106177407754479 0.5480852672647113 0.10859347220755944 0.03462832561958339
6 0.6046090132429838 0.5470383912624815 0.09066329246727219 0.038523604682985935
1 0.6785653755806632 0.5441078718564709 0.07661092727248751 0.0354421550656325