0 0.1709812130555985 0.3449869627498483 0.32838397676752307 0.06981662553785986
3 0.5496324766306833 0.31458271651179986 0.3643839767675231 0.07023552346274686
9 0.8865445424560348 0.4976497304392492 0.14232579846941348 0.057652319592609955
7 0.58113762773301 0.4852045447740545 0.24631416280979146 0.05686246915339484
2 0.5868761587552592 0.4441405464799746 0.24634906978865728 0.06286246915339484
4 0.45336094745324745 0.6201823235646283 0.4374247015761997 0.07808495536599003
10 0.5185703893264418 0.5834259800891377 0.13430834497998057 0.05455923116485747
6 0.6370325734326707 0.5885471077530513 0.11829670932035878 0.052373054309352025
1 0.7389976664538048 0.5933602302992047 0.10830252715016968 0.05325669377466102
8 0.4861379610967521 0.4003157878803521 0.4694247015761997 0.07845730907700067
5 0.8849750618620453 0.4236730025461874 0.15845379072525428 0.07983849644811539