0 0.5105631044130098 0.36720264727617835 0.29575056779191344 0.048149244153824156
0 0.2117438519452103 0.41143043922217953 0.2385934722075594 0.03815430545291588
8 0.46854931558145413 0.4244532150680917 0.3606807475322005 0.04528382337415837
5 0.7834358576594207 0.41245486961570316 0.12780293298669812 0.04821679324588365
2 0.5708896893475544 0.4421727984454135 0.2426632924672722 0.04222412571262862
7 0.5398871586980085 0.47122263299065237 0.18059347220755945 0.037141911687079185
9 0.783843521035688 0.46446359714816726 0.11069820259712879 0.04192005714210393
4 0.4746152101259021 0.5713921223408429 0.37064583740234414 0.04345837402344068
10 0.5066351958403761 0.5433248327306758 0.10759347220755944 0.03586769194731915
6 0.5996264683079121 0.5412015116923516 0.09066329246727219 0.03957095584353965
1 0.6735828306455914 0.5374098368876634 0.07661092727248751 0.036326584934544374