0 0.5144391543984558 0.37853290679641277 0.2925585305665161 0.04969880630479895
0 0.2177009656015102 0.40276080225026645 0.2374305339783561 0.03837882566519647
8 0.4700675012857864 0.4327947091379058 0.3565119863526397 0.04607114741270016
5 0.7811838618204772 0.44098536406669864 0.12654689451304693 0.047733046556180395
2 0.5698525845957789 0.4567158350717157 0.24048871424570165 0.04339627915462927
7 0.5381551219859751 0.48290200562566626 0.178418897924887 0.03703557370635008
9 0.7792773005474005 0.49199990864122606 0.10948871424570143 0.04263414344939406
4 0.46775472903880366 0.5778179804571496 0.36850035029917066 0.04514096137043157
10 0.500458009675342 0.5521259920733881 0.10640726187141797 0.03561668995996115
6 0.5925161899426873 0.5565907517307802 0.08945380608529421 0.03951778685317504
1 0.6655220079694221 0.5566660501545805 0.07543053397835592 0.03743633723582161