0 0.5063735832040959 0.3714169331890296 0.3033490697886574 0.06352572420113256
0 0.19780086033145888 0.3803272106938169 0.24527343800111492 0.0498508330999257
8 0.45706232930920976 0.4243467665690444 0.3683490697886573 0.06428206767662312
5 0.7784372459682741 0.4495877577593551 0.1323141628097917 0.05553595905791917
2 0.559393612244692 0.4545394620496256 0.24930252715016968 0.05489737731380205
7 0.5242423486696072 0.4801322001782076 0.18525598451168207 0.04615266989178065
9 0.7721259920733881 0.5030179414385405 0.11427343800111475 0.04832651009547567
4 0.44669256375247185 0.573736224061088 0.3803316162992244 0.06142170031825208
10 0.4818351005828403 0.5496434859325061 0.11022689536262727 0.04027996588159931
6 0.5772914668592583 0.5582547290388036 0.09325016668187118 0.04408215297262495
1 0.6522652866251089 0.563627433048985 0.07823271319243827 0.040907612170588435