0 0.17108011616238472 0.3289935154427047 0.32538397676752306 0.0678907946885605
3 0.5542342886523751 0.3002652866251088 0.3733956124271449 0.07017005051948627
9 0.8996201742435771 0.4897494085956127 0.1453374341290355 0.05884358532258852
7 0.5847132595205523 0.4755820249860637 0.2523199806396026 0.056466093112360796
2 0.591954699457707 0.434041300177387 0.2523548876184682 0.062466093112360795
4 0.455419125751357 0.6128296161167716 0.4484363372358216 0.07760638775530788
10 0.5221314765394568 0.575942730434343 0.13831416280979147 0.05480286051391181
6 0.6430936606456856 0.5817387730272173 0.12130252715016968 0.052703957407125475
1 0.7470645714966309 0.586133718726878 0.11030834497998057 0.05363996127920518
8 0.4882310463737274 0.3871463544777264 0.48143633723582163 0.07779837613906955
5 0.8970652382241152 0.41326686208504565 0.16245960855506542 0.07994248842937475