0 0.49971077532816305 0.3771056296690497 0.2953083449799807 0.054716259794231746
0 0.2044987579038053 0.42832479837818704 0.23823853102224915 0.04238464349500737
8 0.4590482094571985 0.43534416069129883 0.3583025271501697 0.05408278307232194
5 0.7724463974355067 0.41602027104556444 0.1282908914905479 0.05074468221580219
2 0.5621412947341737 0.4507449242207705 0.24127343800111498 0.04840209698444028
7 0.5318129207135969 0.48042236803000465 0.17923271319243828 0.04104139153616097
9 0.7737518335005819 0.4685144532157534 0.11125598451168207 0.04464577910901608
4 0.4689034304394089 0.5822918002230003 0.37029089149054767 0.05215259703005359
10 0.5002347133748911 0.5531085385839551 0.10721525970300536 0.037622507789772046
6 0.5932143509705528 0.5490674804115363 0.09023853102224916 0.04152360468298593
1 0.665685261821498 0.5436456877502421 0.07622107753281625 0.038442155065632505