0 0.4784735752005261 0.39462021382556794 0.30369816320814513 0.06352572420113256
0 0.17533359225972642 0.4461003076511698 0.24554689451304698 0.0498508330999257
8 0.43727541199238096 0.45414895366006997 0.368698163208145 0.06428206767662323
5 0.7585488592489045 0.4343841268236462 0.1326283468873305 0.05553595905791917
2 0.5421066892170793 0.4698707392743239 0.24960507478039246 0.05489737731380205
7 0.5117517895862721 0.5000216576702513 0.1855119863526397 0.04615266989178053
9 0.7594205123615738 0.4884015809038498 0.11454689451304693 0.04832651009547567
4 0.44703582199875286 0.6037827682749644 0.38066325504773785 0.06142170031825208
10 0.4783790855760909 0.5746434859325061 0.11045380608529433 0.04027996588159931
6 0.5739430838701708 0.5702547290388036 0.09350035029917057 0.04408215297262495
1 0.6490129001909853 0.565127433048985 0.07846544213876336 0.040907612170588435