0 0.4793066781612698 0.379801285053975 0.3033490697886573 0.06176280243271947
0 0.1759837886067618 0.43353848262125555 0.24527343800111492 0.04842536830368408
8 0.43795760837261255 0.43956275403172584 0.3683490697886573 0.06214096137043157
5 0.7590943273731701 0.4179302774010425 0.13231416280979147 0.054767953535046106
2 0.5428732498403537 0.4546736261618761 0.24930252715016968 0.05344863962292788
7 0.5121958060311196 0.48499618235264197 0.18525598451168207 0.04507629851502679
9 0.7607801645633783 0.4719419130606644 0.11427343800111475 0.047663232598448985
4 0.4485878428158747 0.5891296590745518 0.3803316162992245 0.05921077532816298
10 0.4797565598803924 0.5603100117986914 0.11022689536262738 0.03963996127920518
6 0.5757914668592582 0.5548685234605432 0.09325016668187118 0.04354105817241907
1 0.6503263738381238 0.5493019517814594 0.07823271319243805 0.04045379072525452