0 0.17086338299174042 0.35651812021691714 0.32761671083386146 0.05490243034818241
3 0.5468171890770348 0.3197027153109309 0.36162834688733053 0.056100236561754856
9 0.8867925157734139 0.49569241310627765 0.14059343872692354 0.05181449617353383
7 0.5828565140674938 0.4884237928437472 0.24452362240610886 0.04641955047387308
2 0.5878335922597264 0.4474499730778965 0.24458180267345414 0.051419550473873074
4 0.46026237474222936 0.6247198354366217 0.43466325504773784 0.05952493813795445
10 0.5231929087205854 0.5880834497998063 0.13157016661998522 0.0497621357052351
6 0.6411696366136473 0.5907699537174991 0.1155352584595778 0.04666905042825988
1 0.7431463645067091 0.5933633723582166 0.10657016661998522 0.04961668995996115
8 0.4858164884786934 0.4053536455222736 0.4656632550477378 0.05970529086209422
5 0.8831535837301262 0.4216662328721284 0.1558261597963051 0.07190176362069815