0 0.1810306646089916 0.3374353371445952 0.32840724808676686 0.0719082481779933
3 0.5581412033753997 0.31624201530586504 0.3624188837463887 0.07410605439156574
9 0.8895241800516962 0.5063075868937224 0.1413374341290355 0.05882031400334472
7 0.5861521723075372 0.48607329824134726 0.2453374341290355 0.059425368303684084
2 0.593387794414881 0.44553257343267055 0.2463665232780902 0.06443118613349498
4 0.4578929455172077 0.6173150715422442 0.4354654263848764 0.08253075596776557
10 0.5220878428158746 0.583442730434343 0.1333199806396026 0.05577377136485711
6 0.6400383912624816 0.5912562265166502 0.11730252715016969 0.052680686087881894
1 0.7415005753687103 0.5971657167908383 0.10831416280979148 0.05462832561958317
8 0.49316123241599596 0.39911726532867164 0.46647124421468744 0.08371110869190522
5 0.8894576083726126 0.43181049580862785 0.1584596085550654 0.07991921711013095