0 0.49368459509401375 0.3669208355877811 0.3033199806396026 0.060288884673249866
0 0.1889754865845615 0.42224463039088744 0.24425016668187108 0.04725903584248511
8 0.45202784705286014 0.42665394831476616 0.36830834497998055 0.059423463893584084
5 0.7734231261162628 0.40304214494034424 0.13130252715016968 0.05428661350559651
2 0.5571238412447409 0.44132116649730335 0.2482792558309259 0.05232885610219796
7 0.5257983761390695 0.4718710010425422 0.18423853102224916 0.044211731946792045
9 0.7747314710962435 0.456024689875416 0.11426180234149297 0.04698987740181679
4 0.46190052152450334 0.5764968527304122 0.3802967093203588 0.05763292467272277
10 0.4932318044599857 0.5469470181851734 0.11022107753281625 0.03992005714210382
6 0.5882085331407418 0.5412887870169927 0.09324434885206029 0.04362332103832432
1 0.6636794439916871 0.5349709296149123 0.07822689536262714 0.04036149506440097