0 0.18072526129645536 0.32698187978308285 0.3311694893501906 0.06891988383761531
3 0.5662539745433935 0.297736197476054 0.3741869444151189 0.07017005051948627
9 0.9160966194771473 0.487220319446558 0.1460123937658368 0.05884358532258852
7 0.6023173384382957 0.4730442090922925 0.25296002857105193 0.056466093112360796
2 0.6075929532437747 0.43150930211342675 0.25306475896062125 0.062466093112360795
4 0.4747174098659256 0.6113005269677166 0.4493091298696163 0.07760638775530788
10 0.5405802999960456 0.5744136412852882 0.1389425735061236 0.05480286051391204
6 0.661693757918079 0.5802096838781626 0.12190766337626724 0.052703957407125475
1 0.7667810332427202 0.5845988117480123 0.11092511844119554 0.05363996127920518
8 0.5027638376596844 0.3846143564137661 0.4823091298696163 0.07779837613906944
5 0.9122613070101386 0.4107348640210854 0.16337895012932904 0.07994248842937475