0 0.4856830241629696 0.3767016661998515 0.2994538060852943 0.04247917998725632
0 0.1812873983450207 0.4071643059452497 0.24234908160407254 0.03281592493951848
8 0.4400197691152317 0.43317804379374264 0.3643839897644798 0.03723552346274687
5 0.7600314051687008 0.4359015809038498 0.12851198635263972 0.045489414844042814
2 0.5437637759389119 0.4563881933545275 0.24539562581794894 0.03685083309992569
7 0.5104379664417775 0.4840042035900477 0.1823607176575416 0.03311776173137332
9 0.7584146943348394 0.4888899448503806 0.11145380608529422 0.040291601935068456
4 0.44028599714833816 0.5822013159006808 0.3763607176575416 0.03537515610437594
10 0.47260017059200343 0.5555736696116914 0.10837235371101064 0.03325669377466102
6 0.5675885345385343 0.5576790946912547 0.09043053397835615 0.03804724481221774
1 0.6426001705920035 0.5575517987014359 0.07639562581794894 0.03488434006365037