0 0.17274715951621591 0.36401969567685405 0.3335701666199851 0.05093733732704811
3 0.5530489963080708 0.30180310251888004 0.3685585305665161 0.05014096137043157
9 0.9128991288096553 0.45872031944655806 0.14257016661998523 0.04982613183315562
7 0.6020329434245498 0.4720296645177651 0.24948871424570143 0.04344863962292789
2 0.6040442291788483 0.43001511994323777 0.24954689451304693 0.048448639622927885
4 0.4882318072310361 0.6187016238609304 0.4435934387269233 0.05357729860625318
10 0.5502430929853346 0.5763380094977458 0.134535258459578 0.04677958919466801
6 0.6701907307447236 0.5711398699204312 0.11752362240610864 0.045680686087881894
1 0.773161640611051 0.5680406334499027 0.10755853056651608 0.04862250778977204
8 0.49760787717375754 0.393131809903199 0.4755818026734541 0.052763469160203844
5 0.902526424799474 0.3837755888297621 0.1578261597963051 0.07191339928031994