0 0.4935 0.3712576076130067 0.296 0.0664442718268491
0 0.1975 0.43470187943985583 0.24 0.05379265283258042
8 0.4545 0.43121141369830107 0.361 0.06820061530233966
5 0.768 0.399563510935743 0.129 0.05650105089751196
2 0.558 0.4425070821642507 0.243 0.05782756099298763
7 0.5285 0.47335034574158874 0.181 0.0481061256779044
9 0.7715 0.4510227847486012 0.112 0.04830323798853749
4 0.468 0.5775543269764684 0.371 0.06731697583703045
10 0.4985 0.5476994273456612 0.108 0.042256693774661014
6 0.5915 0.5391172743730365 0.092 0.04507051691915558
1 0.665 0.5312620244430586 0.078 0.040907612170588435