0 0.1774329860725506 0.34102845376504576 0.3277679795289596 0.07170780623152712
3 0.5576362667090888 0.32217010597023255 0.3697796155824285 0.07344091895851226
9 0.9038412988414805 0.5176746483055394 0.14466325504773794 0.05951352934966326
7 0.5921434859325061 0.4952373955803996 0.25063998294079964 0.05936376623205433
2 0.598172225767008 0.454850853502433 0.25069816320814514 0.06436376623205434
4 0.4657201711775671 0.6285031472695878 0.4448610679567123 0.08175004882812868
10 0.5308070912794145 0.594146454022386 0.1366167108338616 0.05537388883023755
6 0.6508827256269635 0.6027410618137722 0.11959343872692352 0.05307715272645783
1 0.7549409058943091 0.6095563885663068 0.10961671083386136 0.05490260207717574
8 0.4946195132272266 0.4055529818148266 0.47687270401018134 0.08330861090583153
5 0.8999511407510955 0.44112228311075474 0.1609192482240576 0.0817928103885148