0 0.15560041427117194 0.3500778739749636 0.3112008285423439 0.050820980730828975
3 0.5309568217186638 0.3013903699660444 0.3725585305665161 0.050164232689675375
9 0.8849379664417775 0.4728192225533443 0.14358180267345416 0.05083194966296662
7 0.570932148415043 0.47514602111398424 0.2514887142457014 0.04346027528254979
2 0.5749324987142136 0.4321256587096459 0.25155853056651606 0.04946027528254979
4 0.4467740107956984 0.6183587052658263 0.44760507478039235 0.054600569925496986
10 0.5117336349077273 0.5784834552430197 0.13654689451304694 0.04779122485429002
6 0.6337336349077273 0.5777736800060831 0.11953525845957778 0.046692321747503686
1 0.7377336349077273 0.5771686257057438 0.10855853056651608 0.04862832561958339
8 0.4704095769064461 0.3917365308397962 0.48058180267345413 0.05279255830925854
5 0.8793281245321625 0.39635703844711545 0.1598261597963051 0.07192503493994196