0 0.48877468009730957 0.3825 0.2963374341290355 0.058
0 0.19145760837261253 0.437 0.24027343800111486 0.047
8 0.44842561030865224 0.4425 0.3603374341290355 0.058
5 0.7625594203943042 0.4195 0.1293083449799806 0.053
2 0.5503470696062043 0.456 0.2432967093203588 0.051
7 0.5211696257969702 0.4865 0.1812501666818712 0.043
9 0.7637568932441345 0.4715 0.11126762017130386 0.046
4 0.4585791160711583 0.588 0.3713316162992244 0.057
10 0.48875074205058144 0.5585 0.10822689536262727 0.039
6 0.5827769222847308 0.554 0.09124434885206005 0.042
1 0.6553176470934075 0.547 0.07722689536262714 0.039