0 0.5126154696077945 0.37311215694464317 0.29275056779191344 0.04639772761297274
0 0.21560421142578456 0.4045738828516959 0.23657601714263116 0.03574610861870406
8 0.4695842257113106 0.4291241432972829 0.3566632924672723 0.04214243503499415
5 0.7806627735034876 0.4300053306683976 0.12678547792176983 0.046466142737104636
2 0.5699595096072673 0.44946053795037444 0.2406632924672722 0.0407926528325803
7 0.5389395238927932 0.47732707363465054 0.17757601714263113 0.035059581464028045
9 0.7795442542823625 0.4805286027753357 0.10969820259712879 0.04126832982813016
4 0.4706152101259021 0.5741415973774865 0.3676283823374158 0.04027043162315408
10 0.5026526509053043 0.5472634256397413 0.10657601714263114 0.03423342166772295
6 0.5946962885676248 0.5486929087205855 0.08966329246727218 0.03903560875874859
1 0.667705016100089 0.5483434768173422 0.07561092727248751 0.03587270401018122