0 0.16768897924887047 0.3619024947421954 0.32257016661998517 0.052746809217045214
3 0.546147902762558 0.3198125590069784 0.3705585305665161 0.05230533978356129
9 0.9021551219859751 0.4964317219350344 0.14357016661998523 0.050663955646079104
7 0.5886609400127097 0.4932838191724763 0.2504887142457014 0.0449090133672712
2 0.5931722257670081 0.4513419994398218 0.25054689451304696 0.0499090133672712
4 0.4688248956587888 0.6348700386759827 0.4455934387269233 0.05617804379374274
10 0.5333594535200255 0.5956263821514731 0.13554689451304694 0.04857086721832638
6 0.6543594535200254 0.5970343446212323 0.11852362240610864 0.04637305430935203
1 0.7583594535200254 0.5982444941820172 0.10855853056651608 0.04925669377466101
8 0.48718351152130657 0.40811439579883335 0.47758180267345424 0.05555039750475339
5 0.8942707819223247 0.4203502695607508 0.1588261597963051 0.0728384964481154