0 0.1661267277898044 0.34913823144494643 0.3207680228568416 0.04772353711010714
3 0.5441841542836806 0.29072816718016337 0.37173311272698517 0.04631697583703044
9 0.906099150126693 0.45355082398476204 0.1428378431165545 0.049652319592609954
7 0.5922038805162623 0.46320454477405454 0.2506632924672722 0.0409090133672712
2 0.5944707677892771 0.4211696366136473 0.2507680228568415 0.0469090133672712
4 0.47475231999578205 0.6106008711903447 0.44676802285684153 0.04918967984721166
10 0.538036662333725 0.5688561637683233 0.13578547792176981 0.04657086721832639
6 0.6590017522038687 0.5654482012985641 0.11876802285684153 0.045373054309352026
1 0.7639668420740122 0.5622264156843102 0.10780293298669813 0.0472450577211921
8 0.48777256519214834 0.3824030582813702 0.47973311272698516 0.04757366961169146
5 0.8967725651921484 0.3776439124125146 0.15918694441511888 0.06983849644811539