0 0.521 0.3709689106684923 0.298 0.060733713283664656
0 0.217 0.38573753093102264 0.242 0.04840791481425117
8 0.473 0.4242481664994181 0.362 0.06010605439156586
5 0.7895 0.44340682336425075 0.13 0.0537563178754242
2 0.573 0.4526663835183226 0.245 0.05242536830368408
7 0.5395 0.47836128081698964 0.182 0.04405884502559388
9 0.7835 0.49644173034311656 0.112 0.04665159693882697
4 0.4635 0.5718034358826222 0.374 0.05917586834929716
10 0.4975 0.5471056296690496 0.109 0.03963414344939429
6 0.591 0.5540616625817254 0.091 0.04252942251279683
1 0.665 0.5576311431757147 0.077 0.0394479728954434