0 0.489 0.38834491877755717 0.298 0.060733713283664656
0 0.19 0.4416053876640815 0.242 0.04840791481425117
8 0.448 0.447106387755308 0.362 0.06010605439156586
5 0.764 0.4259448219755699 0.13 0.0537563178754242
2 0.5525 0.4627143509705528 0.245 0.05242536830368408
7 0.5225 0.49253981607622416 0.182 0.04405884502559388
9 0.767 0.4789622754650028 0.112 0.04665159693882697
4 0.4595 0.5946732927981341 0.374 0.05917586834929716
10 0.4905 0.5658536455222736 0.109 0.03963414344939406
6 0.584 0.5608976126095979 0.091 0.04252942251279683
1 0.658 0.5548281320156087 0.077 0.03944797289544363