0 0.154958608463839 0.3923152243411772 0.309917216927678 0.06863044868235443
3 0.520179019269171 0.3190740199108622 0.367389794597334 0.07127043162315408
9 0.8828703409254481 0.4623037253468744 0.1433316162992246 0.058663955646079104
7 0.575210350605647 0.48622563890513093 0.2483199806396026 0.057885741260332906
2 0.5754546994577071 0.44422563890513095 0.24834906978865728 0.06288574126033301
4 0.46633185830419266 0.6359689451304699 0.4414305194060107 0.07913149957986639
10 0.5265907517307802 0.5921671083386149 0.13530834497998057 0.05457086721832639
6 0.6451489300288897 0.5835459806747014 0.11929670932035878 0.052384690362820945
1 0.7482041994120938 0.5752444941820172 0.10930834497998057 0.05426832982813039
8 0.46813796109675215 0.4114747631572043 0.4734363372358216 0.08050385329087703
5 0.8703037692463643 0.38765245665177633 0.1604537907252545 0.07986176855505346