0 0.507210775328163 0.38 0.29425016668187104 0.043
0 0.20787949239268072 0.409 0.23719198838376154 0.033
8 0.46253366488267106 0.4355 0.35822689536262725 0.039
5 0.7765598451168204 0.44 0.12726180234149298 0.045
2 0.5631645660534175 0.458 0.24122107753281624 0.038
7 0.5323245563732188 0.4855 0.17919780621357245 0.034
9 0.7738594633520846 0.4915 0.11023271319243805 0.04
4 0.46188888586488147 0.5825 0.36921525970300534 0.037
10 0.49523471337489117 0.556 0.10619780621357244 0.034
6 0.5882492579494185 0.5585 0.08922107753281626 0.038
1 0.661252166864324 0.559 0.07520362404338357 0.035