0 0.16955078500836177 0.351525513506665 0.32234906978865735 0.061873341199127595
3 0.5473617055395057 0.31682637383812384 0.3673548876184684 0.06313514354062057
9 0.892423459480005 0.4973250403831553 0.14231416280979148 0.054826131833155614
7 0.58336237226699 0.4886227497947404 0.2482967093203588 0.05244282179311688
2 0.5881209323298353 0.4470936606456856 0.2483257984694135 0.057442821793116876
4 0.4586594149510909 0.6263528874360154 0.441383976767523 0.06856566294663116
10 0.5234441552480855 0.5889747284983032 0.13429670932035878 0.051779589194668005
6 0.6434703354822349 0.5927765889209886 0.11828507366073678 0.04968650391769279
1 0.7454906978865732 0.5956831702802712 0.10829670932035879 0.051628325619583165
8 0.4853620389032478 0.4031899882013085 0.473389794597334 0.06975183350058183
5 0.888984213329278 0.4218424938725881 0.15943633723582162 0.07592503493994195