0 0.1499818797830828 0.38513571480416087 0.2999637595661656 0.07027142960832168
3 0.5117342886523751 0.31246317584063976 0.3713956124271449 0.07447582908836875
9 0.8784139746490304 0.45987791220175966 0.1453316162992244 0.05953098441459156
7 0.567253984329229 0.481949387009084 0.2513199806396026 0.05938122129698263
2 0.5679983331812892 0.43995811454154815 0.2513490697886573 0.06438122129698264
4 0.4578638563681529 0.6330555124643724 0.4464305194060107 0.08178495895798506
10 0.5181285676245514 0.5886028163600655 0.1373141628097917 0.05639134389516585
6 0.638686745922661 0.5807061516839157 0.12029670932035878 0.053094607791386125
1 0.7427420153058649 0.5730214784364502 0.11030834497998057 0.054920057142103816
8 0.4596815948203343 0.40656423999683655 0.47843633723582163 0.08334352103568801
5 0.8668474029699466 0.38516845142262107 0.16145960855506541 0.08181026545344298