0 0.17953624043383437 0.3469017259752413 0.32834325195884634 0.0647252612964553
3 0.5553471609649784 0.3078386215622315 0.3623490697886573 0.06631873350401475
9 0.8953943703309504 0.4819213545515659 0.14030834497998057 0.05544370908995051
7 0.5918303742030298 0.47621896675727987 0.24529089149054767 0.05427649090741329
2 0.5965947520956861 0.4356316914326387 0.2453199806396026 0.05927649090741329
4 0.46911578122750874 0.6133746672759147 0.4353781589377121 0.07259295324377467
10 0.5319063393543143 0.5762749981854369 0.13229670932035878 0.053304068570524575
6 0.6499325195884638 0.5787153005239073 0.11627925583092565 0.05002478753167316
1 0.7519499730778965 0.5799348839012292 0.10629089149054767 0.05185023688239107
8 0.49434167649890953 0.39391210805531696 0.4663781589377121 0.07313406025654945
5 0.8919638509249396 0.4079737197463505 0.15643051940601072 0.07672299012880193