0 0.48773977311844385 0.39705298181482657 0.303378158937712 0.07028888467324987
0 0.18488779441488107 0.4522728246740408 0.24529670932035869 0.05527649090741329
8 0.447887794414881 0.456863506750162 0.3693839767675231 0.07244091895851228
5 0.7685565114793987 0.4334578550596558 0.13232579846941347 0.05830406857052481
2 0.5533121626273387 0.47170501610008897 0.2493257984694135 0.060346311167126146
7 0.5226318099031989 0.5021726366197783 0.18527343800111476 0.05022918701172023
9 0.7712423486696072 0.4875102202544404 0.11528507366073677 0.05100733246674497
4 0.46101802885814325 0.6066078776591571 0.3803723411079011 0.07063292467272277
10 0.4916925637524719 0.5771402571394676 0.11023853102224916 0.04292005714210381
6 0.5872332885611485 0.5718072158401125 0.09426180234149296 0.046640776103252395
1 0.6622769222847308 0.5656163457097289 0.07923853102224916 0.04237895012932904