0 0.16872751641072462 0.3774890310678624 0.33745503282144923 0.051972244305913816
3 0.5551557479499272 0.32024053120470214 0.3742908914905479 0.05217586834929739
9 0.9177219862652689 0.4828553123409844 0.14429089149054788 0.05083776749277763
7 0.6021550812224429 0.49251978703562793 0.25225016668187095 0.04446609311236079
2 0.6043994300745029 0.45053142269524993 0.25227925583092586 0.0494660931123608
4 0.4837940424104214 0.6398361920328407 0.45030252715016966 0.05461802341492989
10 0.5470383912624815 0.5982027153109309 0.136273438001115 0.04779122485428979
6 0.6690616625817254 0.5949124905478675 0.11926762017130386 0.046692321747503686
1 0.7740849339009692 0.5915233626780178 0.10927925583092588 0.04863414344939429
8 0.4971205076073193 0.4119060059905722 0.4822967093203588 0.05380419396888055
5 0.909161232415996 0.40730295187268584 0.16041888374638893 0.07293085276975285