0 0.1696525532490471 0.3360210291318227 0.33215203428526235 0.06792570166742622
3 0.5530976574047166 0.3127492579494185 0.3681694893501906 0.06913514354062067
9 0.8903073776657477 0.5032302290000489 0.14399493870090826 0.05783194966296662
7 0.5820779311721351 0.4859354285033691 0.24896002857105212 0.056442821793116875
2 0.588793588834192 0.44497033548223486 0.24904730389569296 0.06144282179311699
4 0.4522389524717539 0.6191936552024723 0.4422916748046881 0.07656566294663139
10 0.5183586072767056 0.5840747230550899 0.13592511844119554 0.0537854070244789
6 0.6372451493546721 0.5912670448025935 0.11989020831133894 0.05169232174750368
1 0.739657874030031 0.5968633723582165 0.10992511844119554 0.05363414344939429
8 0.48759652182088997 0.39837691684151744 0.4743091298696163 0.07775183350058182
5 0.8901077800028998 0.42872150225533245 0.16136149506440098 0.07893085276975284