0 0.4842979514165534 0.3756696257969702 0.2993781589377121 0.06673953111347555
0 0.1839459727129906 0.43791497474025687 0.24329670932035874 0.052413732644062065
8 0.4439430637980851 0.43690233898940845 0.3643781589377121 0.06711769005118777
5 0.7616117808626028 0.40605517802443014 0.1313199806396026 0.0557621357052351
2 0.5483732498403536 0.4482943757741636 0.2463199806396026 0.05643118613349497
7 0.5186958060311194 0.4789660017535867 0.18327343800111476 0.048064662855404776
9 0.7643034358826223 0.45903772453499725 0.11327925583092588 0.048657414768637976
4 0.4570849339009692 0.5843208893720551 0.3763723411079011 0.06618750400891918
10 0.48775946879529786 0.5541434455628209 0.10923853102224916 0.04163414344939406
6 0.5813001936039746 0.5465994784754966 0.09325598451168207 0.044541058172418845
1 0.6563438273275567 0.538663141239675 0.07923271319243827 0.04045960855506542