0 0.16661769005118773 0.36591413079566437 0.32428507366073683 0.0527700813239835
3 0.5448529787947892 0.32481837703371297 0.36827925583092586 0.05228206767662311
9 0.8978507366073681 0.5004142678548308 0.142285073660737 0.050652319592609955
7 0.5868478276924627 0.4962954552259455 0.2492443488520603 0.044897377313802056
2 0.5906092966702134 0.4553419994398218 0.24927343800111498 0.049897377313802053
4 0.4671739595256183 0.6368933107829207 0.4432967093203587 0.05615477168680445
10 0.5309470641629911 0.5986380182049422 0.13426762017130386 0.04755923116485747
6 0.6509470641629911 0.6000343446212323 0.11726180234149297 0.04636141825588288
1 0.7549470641629911 0.6012444941820171 0.10727925583092587 0.049245057721192094
8 0.4858649478181533 0.41212603185230245 0.47529089149054776 0.055527125397815215
5 0.8919085815417356 0.4243502695607508 0.1574130659165778 0.07282686039464624