0 0.503 0.3829263683949105 0.294 0.04971044196442085
0 0.206 0.42519847294105684 0.238 0.038384643495007364
8 0.462 0.4401878373726614 0.358 0.04708278307232206
5 0.7745 0.43000590918858494 0.127 0.04773886438599129
2 0.5635 0.4582783470984733 0.241 0.04340209698444028
7 0.5325 0.4870979943743337 0.179 0.03804139153616097
9 0.7755 0.48201172701839584 0.11 0.042639961279205184
4 0.468 0.5867227443515272 0.37 0.04615259703005358
10 0.499 0.5589030970756667 0.106 0.03661668995996115
6 0.592 0.5574441552480855 0.089 0.03951778685317504
1 0.665 0.5543688568242854 0.075 0.03743633723582161