0 0.504 0.37806781377527854 0.291 0.03969298847498794
0 0.207 0.4127957092291322 0.236 0.030373007835385466
8 0.461 0.4343179804571496 0.355 0.03406532958288915
5 0.772 0.43150863538594253 0.125 0.043727228726369506
2 0.561 0.45473619747605404 0.239 0.03539046132481826
7 0.53 0.4819165502001937 0.177 0.03102975587653907
9 0.771 0.4825144532157534 0.108 0.03862832561958317
4 0.462 0.5793121626273386 0.367 0.03213514354062045
10 0.494 0.5521259920733881 0.105 0.03161087213015026
6 0.586 0.5535907517307801 0.088 0.03651196902336414
1 0.659 0.5511660501545805 0.074 0.03443051940601072