0 0.1695478228594778 0.33793663610509783 0.33015203428526235 0.0717427163613836
3 0.5484929270151474 0.30582989402976746 0.3651520342852623 0.07235364363387123
9 0.8832462849384989 0.4859300820840299 0.1429774836359802 0.05847861921980689
7 0.5765168384448862 0.47578878701699273 0.2469425735061236 0.05829394597234159
2 0.5832324961069433 0.4346840566274234 0.24704730389569296 0.06429394597234159
4 0.4486865872769692 0.6114793976654841 0.43827421973975983 0.08062786337363105
10 0.5138062420819209 0.574853545977614 0.13492511844119554 0.055338978700381174
6 0.6317015116923517 0.5787938483160843 0.11889020831133894 0.05305969766152975
1 0.7336142363677105 0.5820134316934061 0.10890766337626724 0.05388514701224744
8 0.48403542909364117 0.3904295631202451 0.4702742197397599 0.08118642545133412
5 0.881546687275651 0.41148244727881456 0.15936149506440098 0.08075790025865831