0 0.16039969234883023 0.39494539734428025 0.32079938469766045 0.0678907946885605
3 0.5323346431572383 0.318118356778672 0.37179125163589766 0.07015841485986447
9 0.898699777644832 0.46075931814910365 0.14566325504773794 0.05784358532258852
7 0.5873739681476976 0.4869499730778965 0.25163998294079964 0.056460275282549904
2 0.5878626823933991 0.4449499730778965 0.25169816320814514 0.061460275282549784
4 0.4770936519669276 0.6393187385434079 0.4468610679567123 0.07659475209568609
10 0.5376230923997709 0.5941678083320652 0.1376283468873305 0.05479704268410092
6 0.6582452709611964 0.5843688568242853 0.12059343872692352 0.051698139577314575
1 0.761849995442418 0.5759710022097192 0.11061671083386136 0.05363996127920518
8 0.47972921807767527 0.41281873854340784 0.47887270401018134 0.07778092264963664
5 0.8870608456015442 0.38668659527646676 0.1619192482240576 0.07993667059956375