0 0.5169158822915176 0.3795 0.2936167108338616 0.053
0 0.21961951322722661 0.397 0.23747707819223252 0.041
8 0.47153841115211365 0.433 0.3565934387269233 0.051
5 0.7822187699808845 0.4485 0.12757016661998524 0.049
2 0.5708351305155753 0.4585 0.2405352584595778 0.046
7 0.5386376679057715 0.4845 0.1784538060852942 0.039
9 0.7793122087078078 0.4995 0.11051198635263973 0.044
4 0.46672563890513097 0.578 0.3685701666199852 0.049
10 0.4994289195416693 0.5525 0.106418897924887 0.036
6 0.5914987358624837 0.5585 0.09047707819223251 0.041
1 0.6645336440228911 0.5615 0.0764421700318253 0.038