0 0.48891944052206204 0.3741172653286716 0.2960123937658366 0.05971625979423186
0 0.1929681394834741 0.43033352512290346 0.23878547792176977 0.046384643495007365
8 0.44788959169129716 0.43334997852110985 0.3590123937658366 0.06008278307232195
5 0.761291058184646 0.40852899779028085 0.12990766337626747 0.05275050004561331
2 0.550645220782302 0.44675074205058146 0.24289020831133917 0.05240791481425117
7 0.5201215688344555 0.47692527694491016 0.18075056779191345 0.04404720936597187
9 0.7618833948083789 0.4605202710455644 0.11180293298669812 0.04664577910901607
4 0.4563498797442415 0.5787859823931895 0.3709949387009084 0.059152597030053586
10 0.4878386215622315 0.5506056296690497 0.10768074753220049 0.03962250778977204
6 0.5809346244193367 0.5445645714966308 0.09073311272698516 0.04252360468298593
1 0.6540480823413702 0.5376398699204311 0.07668074753220049 0.039442155065632506