0 0.16695569954893352 0.3925 0.33391139909786705 0.067
3 0.5481848370989819 0.312 0.375401430256956 0.069
9 0.9193557963509209 0.4545 0.1463374341290355 0.058
7 0.604192897116214 0.4825 0.2533257984694135 0.056
2 0.6044430637980852 0.4395 0.2533548876184682 0.061
4 0.49379695132532697 0.6365 0.4514363372358216 0.075
10 0.5550616625817254 0.591 0.1383141628097917 0.054
6 0.6766227497947405 0.5805 0.12130252715016968 0.052
1 0.781175110263039 0.5715 0.11130834497998057 0.053
8 0.4951263254371302 0.408 0.4834421550656326 0.076
5 0.9062950425016479 0.379 0.16346542638487654 0.08