0 0.49010157178868596 0.3751230831584826 0.29367489110120687 0.05970462413460996
0 0.19547904292808996 0.43033352512290346 0.2375236224061088 0.04637882566519647
8 0.45041504463401005 0.43434997852110985 0.3566632550477378 0.059071147412700156
5 0.7606768558370645 0.4100464512797137 0.12860507478039243 0.0527446822158023
2 0.5512637759389118 0.4467623777102034 0.2415934387269233 0.052402096984440275
7 0.5219146943348394 0.476931094774721 0.17948871424570143 0.043041391536160975
9 0.7625892351368757 0.4605319067051863 0.11052362240610865 0.04563996127920518
4 0.4597336349077273 0.5787859823931893 0.3686516189942688 0.05814096137043157
10 0.4900710804583307 0.5496114474988607 0.1074421700318253 0.03862250778977227
6 0.5821350787524107 0.5435762071562529 0.09048871424570143 0.04252360468298593
1 0.6547048950732252 0.5371544144949585 0.07645380608529422 0.039442155065632506