0 0.16499328415329695 0.3738443144748499 0.3179425735061237 0.05768862894969982
3 0.5348587049329628 0.3131612903118803 0.36494257350612364 0.058235523462746866
9 0.8939856922046595 0.467809543373609 0.14190766337626745 0.05364068353914092
7 0.5872737007759752 0.4807372749586 0.2468203880516262 0.04986246915339484
2 0.5880580431139183 0.43975472903880364 0.24690766337626746 0.05486246915339484
4 0.47684832285288725 0.6269224009165935 0.43901239376583656 0.06309659141945917
10 0.538106482593438 0.5851438362316767 0.13385529818148278 0.050547595111388316
6 0.6565017522038687 0.5805227085677632 0.1168203880516262 0.04834978220241373
1 0.7584057493467635 0.5762095860216099 0.10785529818148279 0.050245057721192095
8 0.48144711584143063 0.40352130737108066 0.4709949387009084 0.06246894513046982
5 0.8827027449324355 0.39419318283891813 0.15825676467483163 0.07382686039464624