0 0.16743333637172125 0.381 0.32662834688733056 0.054
3 0.5401828109229653 0.3165 0.36362834688733076 0.054
9 0.897439854996797 0.4675 0.1415934387269233 0.051
7 0.5921202138255678 0.483 0.24552362240610864 0.045
2 0.5931431356333354 0.442 0.2455934387269233 0.051
4 0.4818190776320542 0.629 0.4366748911012069 0.058
10 0.5418303633863527 0.587 0.13257016661998522 0.049
6 0.6607547290388036 0.5805 0.11654689451304694 0.047
1 0.7627023667981928 0.576 0.10757016661998522 0.049
8 0.48774169178865195 0.4075 0.4686632550477378 0.057
5 0.8860787870400848 0.3935 0.156837795849774 0.072