0 0.4805 0.35111284130199144 0.305 0.05032379480310635
0 0.171 0.3965151838972748 0.247 0.03931140103726966
8 0.4365 0.41038086415883307 0.372 0.04649328415329694
5 0.7615 0.3982079680571623 0.132 0.04930406857052469
2 0.542 0.4290393548089061 0.251 0.04338122129698263
7 0.5095 0.4591066444190732 0.186 0.038246642076648414
9 0.7615 0.4522079680571623 0.114 0.043989877401816785
4 0.44 0.5623197714315843 0.384 0.04570274493243551
10 0.4725 0.5332524818214172 0.111 0.03693751220703211
6 0.5695 0.5310593405233801 0.093 0.04062332103832432
1 0.6455 0.5272327555888355 0.078 0.03736149506440097