0 0.1770728319541839 0.3353938743220957 0.3388494319032432 0.07693298607255064
3 0.5673055530235656 0.31085581346915264 0.37587270401018147 0.0793635200509068
9 0.9099899783832177 0.5058413750223184 0.14769816320814516 0.06171049985995546
7 0.5952401535328031 0.48800673186508015 0.2537097992616141 0.06394392152767842
2 0.6022288677785046 0.445931097517531 0.2547679795289596 0.06895555758114756
4 0.4611692863144767 0.6245485089497338 0.45196579243793406 0.08824786011455717
10 0.5290823662126292 0.5882630753405705 0.13866325504773794 0.0586057753787336
6 0.6504834597581418 0.5953492948440767 0.12162834688733073 0.055407962469759243
1 0.7553961893571238 0.6016275092298229 0.11263998294079966 0.056303237988537605
8 0.49979903439848977 0.3981296110248468 0.4839890645448722 0.09062021382556792
5 0.9098801364736028 0.42935301107578755 0.16496579243793394 0.08490831276892982