0 0.5051671416045809 0.36957363160508944 0.29837234110790123 0.06573371328366466
0 0.2075162113932382 0.43130734488875416 0.24229670932035874 0.05240791481425117
8 0.4665133024783327 0.4293005269677167 0.36337234110790123 0.06611187222137688
5 0.7818474943287205 0.3989650016623603 0.1303199806396026 0.055756317875424205
2 0.570088934265875 0.44169838158228286 0.2453199806396026 0.05642536830368408
7 0.5407663780751093 0.472370007561706 0.18227343800111476 0.048058845025593884
9 0.7851529303937957 0.4514475481729274 0.11327343800111475 0.047657414768637975
4 0.4813685234605431 0.5762190773503633 0.3743665232780902 0.06517586834929716
10 0.51069689748112 0.5465474513709402 0.10923853102224916 0.04163414344939406
6 0.6041561726724433 0.5390034842836158 0.09225598451168207 0.044535240342607724
1 0.6786125389488611 0.5310700559626997 0.07823271319243827 0.04045379072525452