0 0.15501291272962134 0.3448734046085226 0.30804730389569307 0.06357226841500892
3 0.5306151124696449 0.31473692465942943 0.3780996690904776 0.06738679215784486
9 0.8808335602631401 0.5068502695607509 0.14696002857105214 0.05669886380648632
7 0.5645168384448863 0.4926674586377855 0.25590766337626725 0.05496719363461659
2 0.5702674062367996 0.44972563890513095 0.2559949387009083 0.05996719363461659
4 0.4335644018224717 0.6316722257670081 0.45418694441511875 0.07327113222149546
10 0.5002451493546722 0.5934402052959676 0.13890766337626723 0.053605775378733594
6 0.6231666015624951 0.5993714398726652 0.12187275324641086 0.05140796246975924
1 0.7281055088352464 0.604093225486919 0.11092511844119554 0.05427996588159931
8 0.46556161169103355 0.4029980352641425 0.4871869444151188 0.07365512198597514
5 0.8786863277950767 0.429309543373609 0.1643440399994729 0.07889667671546079