0 0.5068066781612698 0.37403872462622373 0.29525016668187115 0.044716259794231744
0 0.2070797827986426 0.4147811646546049 0.2381978062135725 0.03538464349500737
8 0.4634779707769509 0.4307888913080948 0.36022689536262714 0.04109441873194396
5 0.7785157866707221 0.42245627491764387 0.12726762017130386 0.04673886438599129
2 0.5643645230956372 0.4497012904971883 0.24222107753281624 0.03940791481425117
7 0.533698714946025 0.47837873430642247 0.18019780621357245 0.03504720936597198
9 0.7767132595205524 0.4744650016623603 0.11023271319243805 0.040639961279205064
4 0.46612274979474044 0.5777685289037565 0.37021525970300534 0.03915259703005358
10 0.49778274011454177 0.5500852672647113 0.10719780621357244 0.03462250778977204
6 0.5917856490294472 0.5490383912624816 0.09022107753281625 0.038523604682985935
1 0.6648001936039746 0.5461136896862817 0.07620362404338357 0.0354421550656325