0 0.14754514301719376 0.36686976555673784 0.29509028603438753 0.06173953111347567
3 0.5115906363335582 0.29599618235264197 0.37572143531508323 0.06418168617910829
9 0.8793568643666646 0.44714587046779003 0.14563998294079966 0.055843585322588526
7 0.5635950531636101 0.4678103451624336 0.25360507478039246 0.05347191094217169
2 0.5651012214895154 0.4243161629922445 0.25366325504773796 0.05847191094217169
4 0.4498263730363093 0.6191587482236066 0.45177961558242874 0.06962384124474079
10 0.5123441774156836 0.5750194536718858 0.13760507478039244 0.05279704268410092
6 0.6339430838701707 0.5672263199939168 0.12058180267345416 0.050698139577314574
1 0.7390303542711889 0.5603371921240672 0.11060507478039244 0.05263996127920518
8 0.45649684730746426 0.3896820195428504 0.48379125163589765 0.07081001179869145
5 0.8682470224570495 0.37057605651005854 0.1628959761171195 0.07794248842937475