0 0.16499351544270474 0.372431584875868 0.3299870308854095 0.05286316975173611
3 0.5446906549287929 0.31735910322085475 0.36827925583092586 0.05228206767662311
9 0.90275980215904 0.48153644641625615 0.142285073660737 0.050652319592609955
7 0.590698714946025 0.48840599773390175 0.24924434885206007 0.044897377313802056
2 0.5944372459682742 0.44744672392104357 0.24927343800111498 0.049897377313802053
4 0.47434931179362555 0.6330620335582225 0.4432967093203587 0.05615477168680445
10 0.5370878428158746 0.5927892869000402 0.13426762017130386 0.04755923116485747
6 0.657114023050024 0.5896856133163304 0.11726180234149297 0.04636141825588288
1 0.7611343854543624 0.5873957628771153 0.10727925583092587 0.049245057721192094
8 0.4881612324159959 0.40770748422658604 0.47529089149054776 0.055527125397815215
5 0.8937019572246727 0.40542590390829986 0.15741306591657803 0.07282686039464624