0 0.1711351435406206 0.36798321323805144 0.3262443488520601 0.043896612518371514
3 0.5448326163904509 0.31815908158734874 0.3602385310222492 0.04309441873194396
9 0.8937751048198256 0.48218368636156117 0.13826762017130387 0.04680286051391181
7 0.5888041939688804 0.48540924826921983 0.24321525970300537 0.03841373264406207
2 0.5915656629466314 0.44442670175865273 0.24324434885206028 0.043413732644062064
4 0.47362450797222516 0.6257343800111489 0.43324434885206003 0.044519120308143555
10 0.535397612609598 0.5870950854594282 0.13025598451168208 0.0447563178754242
6 0.653385976949976 0.585781589377121 0.11424434885206006 0.04266323259844876
1 0.7543743412903541 0.5843691901880275 0.10426180234149297 0.045605054300339364
8 0.48834458541381504 0.4058274652881243 0.46423853102224916 0.043699473032283324
5 0.886344585413815 0.40814296155288454 0.1533839767675231 0.06689012796107613