0 0.508493284153297 0.36907944943490045 0.30204730389569295 0.06175116677309757
0 0.2027289275298279 0.38435970535705277 0.2448203880516262 0.04841955047387307
8 0.46142713012695663 0.4228587052658263 0.36601239376583655 0.060123507880998656
5 0.7813024140229132 0.44249990864122607 0.13192511844119553 0.053762135705235095
2 0.5634333270098748 0.4512681955400143 0.24789020831133893 0.052437003963305986
7 0.5298871586980085 0.4774660017535868 0.18476802285684152 0.04507048068521578
9 0.7762188049316446 0.4950348156200918 0.1138203880516262 0.047657414768637864
4 0.45452793480126097 0.5719139746490303 0.3779949387009084 0.0591933218387303
10 0.4890915581780556 0.5467103506056469 0.11068074753220049 0.03963996127920518
6 0.5837311986974812 0.5541605656885116 0.09275056779191346 0.04353524034260795
1 0.6578010189571942 0.5577300462825009 0.07868074753220049 0.03945379072525452