0 0.16443333637172125 0.38286176855505355 0.32062834688733055 0.057723537110107144
3 0.5351769928962308 0.3221845624188185 0.36462834688733053 0.058235523462746866
9 0.8944282189433279 0.4768444515340163 0.14160507478039244 0.05364068353914092
7 0.5871202138255679 0.4897663650922727 0.24654689451304693 0.04986246915339484
2 0.5881431356333354 0.44878381917247634 0.24660507478039245 0.05486246915339484
4 0.4768307136855234 0.6354631271037352 0.4386748911012069 0.06309659141945917
10 0.5368303633863527 0.5931671083386149 0.13357016661998522 0.050547595111388316
6 0.6557721831190073 0.5895517987014359 0.11654689451304694 0.04834978220241373
1 0.7587081848249272 0.5852503122087517 0.10757016661998522 0.050245057721192095
8 0.4822300557351829 0.41205621553148797 0.4706632550477378 0.06246894513046982
5 0.8830671509866157 0.4027222729725909 0.157837795849774 0.07382686039464624