0 0.522722410987785 0.3729146387048628 0.2993490697886573 0.06521906441353713
0 0.21779804277532736 0.39123843350796916 0.24327343800111487 0.05124158077755692
8 0.4740365737975765 0.4277699368863454 0.3643374341290354 0.06435364363387124
5 0.7921587482236067 0.4432192262391722 0.13130834497998056 0.05528661350559651
2 0.5751994730322834 0.45400697532859546 0.2462967093203588 0.055293945972341586
7 0.5413536455222736 0.48110044753615483 0.18325598451168207 0.04719427688186386
9 0.7869670932035872 0.4963152290962774 0.11227343800111475 0.0489549672719603
4 0.4654005215245034 0.5764357600031635 0.3763316162992245 0.0635631044130098
10 0.500252166864324 0.5503248327306759 0.10922689536262727 0.04090260207717574
6 0.5948016184177173 0.5571753290949594 0.09224434885206029 0.043605865973396024
1 0.66881907190715 0.5588836542902712 0.07822689536262714 0.04036149506440097