0 0.16403624043383436 0.3471722794816287 0.31431998063960254 0.06048089038746025
3 0.5413006183264908 0.3000829924712266 0.3743257984694135 0.06252819428315343
9 0.8973507366073682 0.47438644442170935 0.14530834497998057 0.05553098441459156
7 0.5813187385434079 0.4744022449390261 0.25227925583092586 0.05239867636191093
2 0.5855772986062532 0.43282369714684915 0.25230834497998056 0.057398676361910816
4 0.45714487037656354 0.6185841280550533 0.4503490697886573 0.0678547792176978
10 0.5224179750139363 0.578440821302255 0.1362908914905479 0.052373888830237775
6 0.6444325195884637 0.5788113033810125 0.11927925583092565 0.050077152726457824
1 0.7494412463331801 0.5784785215635497 0.1102908914905479 0.05192005714210381
8 0.47982131409457124 0.39066520649677605 0.48234906978865727 0.06841334129540087
5 0.89190567262683 0.39797371974635043 0.1614363372358216 0.07781026545344298