0 0.5189449724251903 0.38499327343773654 0.29573307136855237 0.06471625979423175
0 0.21903224282620845 0.3907479244944499 0.23958180267345427 0.05139046132481826
8 0.47055004720558274 0.4367081997769997 0.3597447074220214 0.06608860090213295
5 0.7838525845957789 0.46452918050782877 0.12962834688733052 0.054750500045613305
2 0.5708933107829207 0.46678998275809525 0.24263998294079966 0.05640791481425117
7 0.5366842121196478 0.4915892676296173 0.18053525845957802 0.047047209365971863
9 0.7779576593761713 0.5164913646140575 0.11254689451304693 0.04765159693882697
4 0.4607547290388036 0.5831412947341736 0.3707330713685524 0.06515259703005359
10 0.49547546375554563 0.5593449187775572 0.1074770781922324 0.04162250778977227
6 0.5880801882367674 0.5688830680350704 0.09151198635263973 0.044529422512796825
1 0.6611383685041128 0.5743077696112703 0.07746544213876337 0.04044797289544363