0 0.5095724816550133 0.37451906851689043 0.3025701666199851 0.052514088147663646
0 0.20129321637175526 0.40210297298536857 0.2444421700318252 0.04083919704645666
8 0.46191504463400995 0.4315659630299375 0.36854689451304695 0.05128206767662323
5 0.7837986840993192 0.43781915381289216 0.13057016661998522 0.05051268695098099
2 0.5651299613240175 0.4548616314958872 0.2485119863526397 0.04688574126033302
7 0.5308041518268831 0.48325725731383606 0.18443053397835615 0.03914103383831161
9 0.7791819732654576 0.49086569802676855 0.1135003502991708 0.04431487404200652
4 0.4561696366136473 0.5816125072438137 0.3805119863526397 0.048421700318252076
10 0.49048381005731256 0.5542168814258649 0.109418897924887 0.037268329828130164
6 0.5864314478167018 0.5575998202928327 0.09246544213876337 0.04107051691915581
1 0.661413993736498 0.5582271162826514 0.0774421700318253 0.038895976117119514