0 0.5185 0.3769834552430196 0.303 0.056762802432719466
0 0.21 0.3972782557396994 0.244 0.044419550473873075
8 0.4705 0.43276271107394554 0.368 0.05514096137043157
5 0.792 0.4463922787897234 0.131 0.052762135705235094
2 0.573 0.4586663835183226 0.248 0.049442821793116994
7 0.5385 0.48586709864680055 0.184 0.04207048068521579
9 0.787 0.4994213679387781 0.114 0.04566323259844887
4 0.4635 0.5823034358826221 0.38 0.05321077532816298
10 0.498 0.5561027207541442 0.11 0.03863996127920518
6 0.5935 0.561547118007198 0.093 0.04254105817241884
1 0.6685 0.5641107807713763 0.078 0.03945379072525452