0 0.17205078500836174 0.3525 0.3283141628097916 0.054
3 0.5493238896457344 0.3135 0.36331416280979145 0.054
9 0.8943361920328406 0.4875 0.1412967093203588 0.051
7 0.5873100117986915 0.483 0.24526180234149297 0.045
2 0.5915714807764423 0.442 0.2452967093203588 0.051
4 0.46761287231260323 0.621 0.4363374341290355 0.058
10 0.530391794779787 0.583 0.13228507366073677 0.049
6 0.6484034304394088 0.585 0.11627343800111475 0.047
1 0.7504121571841254 0.5865 0.107285073660737 0.049
8 0.48982422300947664 0.3995 0.4683316162992244 0.057
5 0.88890567262683 0.4135 0.15641888374638893 0.072