0 0.1549702441234609 0.3798152243411772 0.3099404882469218 0.051630448682354425
3 0.5261412033753997 0.3256438362316767 0.37027925583092586 0.05230533978356129
9 0.8847132595205524 0.48932699745381264 0.14328507366073678 0.050663955646079104
7 0.5731521723075373 0.4962023667981928 0.25024434885206004 0.0449090133672712
2 0.5753965211595975 0.45422563890513096 0.25027343800111496 0.0499090133672712
4 0.45579695132532694 0.6418467665690444 0.4452967093203587 0.05617804379374274
10 0.518041300177387 0.6005682018841276 0.135273438001115 0.04857086721832638
6 0.6390645714966309 0.5979761643538869 0.11826180234149297 0.04637305430935203
1 0.7430878428158746 0.5951863139146717 0.10827925583092565 0.04925669377466124
8 0.46911178086260286 0.41598639921067343 0.47729089149054776 0.05555039750475339
5 0.8761525056712796 0.4137222729725909 0.1584130659165778 0.0728384964481154