0 0.5179042462380485 0.37252488654362503 0.29567489110120687 0.06143263577337996
0 0.21856133295988117 0.3895098845576159 0.2385236224061088 0.04776938072564212
8 0.47052095707191005 0.42608341711014114 0.35867489110120687 0.06216570714193222
5 0.7842653141947608 0.4434355143475831 0.12960507478039243 0.05350105089751196
2 0.5713467665690445 0.45291399373649804 0.2425934387269233 0.053815924939518485
7 0.5376434859325061 0.47880961955444695 0.18050035029917058 0.045094489624435255
9 0.7803645709484187 0.4949878765881939 0.11153525845957801 0.047291601935068456
4 0.46421400285166187 0.5716765055378937 0.37066325504773784 0.06130533978356152
10 0.4974405555951384 0.5477866977466794 0.10745380608529433 0.0402450577211921
6 0.5905278259961565 0.5542045447740546 0.09048871424570143 0.04304724481221774
1 0.6635743702100328 0.5573551128708114 0.07645380608529422 0.03988434006365037