0 0.15211118675437998 0.35209823637930193 0.30422237350875997 0.045803527241396184
3 0.5247809355864629 0.2959165502001937 0.37375056779191346 0.04517005051948627
9 0.8828484846785224 0.4618163136384388 0.1438378431165545 0.04883194966296662
7 0.5667437542889531 0.46965474785870065 0.2516807475322005 0.040460275282549786
2 0.5704768670159382 0.4276372943692678 0.2517680228568415 0.04546027528254979
4 0.4441953148094333 0.6163528874360152 0.44976802285684153 0.046612205585119
10 0.5089109724714903 0.5749805463281141 0.13578547792176981 0.0457854070244789
6 0.6309458826013468 0.5722707710911776 0.11876802285684153 0.04468650391769279
1 0.7359807927312031 0.5696598989610273 0.10880293298669813 0.04662832561958317
8 0.4641750696130669 0.38825980215904005 0.48175056779191333 0.04579837613906955
5 0.8761750696130669 0.38586285627692646 0.16020439948004697 0.06992503493994195