0 0.17949581480284274 0.3455188552768862 0.33987275324641086 0.05394462212601968
3 0.5676666992187525 0.30254528007636017 0.37487275324641084 0.05435188399743765
9 0.9281381157127605 0.4812109872182924 0.143723768574479 0.05167559169954825
7 0.6127213355811905 0.4780339943220616 0.25275056779191346 0.045932285474209265
2 0.6159882228542053 0.436080538535938 0.2528378431165545 0.05093228547420926
4 0.4927261373983897 0.6201085777720989 0.45090766337626725 0.05723622406108825
10 0.5565366623337251 0.5813591032208547 0.1368203880516262 0.04858250327179553
6 0.6785366623337252 0.5827787017440831 0.11980293298669813 0.04738469036282095
1 0.7835366623337252 0.5840004873583371 0.10983784311655427 0.04926832982813039
8 0.5087551101272202 0.39284129884148045 0.48289020831133916 0.0566085777720989
5 0.920124456622151 0.4046353528707434 0.159751086755698 0.07386176855505346