0 0.16762533125396115 0.3975 0.326826159796305 0.071
3 0.534647902762558 0.3135 0.364837795849774 0.072
9 0.8986838618204772 0.4455 0.14267489110120687 0.058
7 0.5950503975047534 0.477 0.24667489110120686 0.058
2 0.5940733193125208 0.436 0.2477447074220215 0.064
4 0.49231907763205424 0.629 0.4379425203309959 0.081
10 0.5502896371992109 0.5835 0.13463998294079965 0.055
6 0.6676500045575819 0.5715 0.11861671083386136 0.053
1 0.769022007969422 0.5605 0.10962834688733074 0.054
8 0.48672423770844836 0.406 0.4699541563844649 0.082
5 0.8833227938637649 0.3715 0.15993088427752672 0.08