0 0.5184333363717212 0.3720280966268962 0.2985119863526397 0.04920160934860883
0 0.2152707819223247 0.4063257088326102 0.24139562581794882 0.03820667064770043
8 0.47309077339272454 0.4293310296135942 0.3644538060852943 0.04535364363387123
5 0.7921431356333354 0.42826286390149276 0.12953525845957778 0.04825170337574013
2 0.5758525845957789 0.45004188545845186 0.2454421700318253 0.04227649090741329
7 0.5436842121196478 0.47910917506861894 0.18239562581794871 0.03717682181693567
9 0.7897598464671969 0.48131522909627744 0.11147707819223251 0.04293751220703211
4 0.47332454535961815 0.5783572122109866 0.3754421700318253 0.044545649348081494
10 0.5065045538892183 0.5502724675358912 0.10839562581794894 0.035885147012247445
6 0.6015452800763601 0.5521142363677105 0.0914421700318253 0.03958841090846772
1 0.6755394620496257 0.5503225615630224 0.07740726187141808 0.036344039999472895