0 0.49328631575693144 0.38626566449393146 0.3043490697886573 0.0635373602546017
0 0.1832077750544836 0.3961584879185152 0.24627343800111487 0.04986246915339484
8 0.4439692440322344 0.4401954978739463 0.3693490697886573 0.06429370373009226
5 0.7658441606912988 0.46544230709099155 0.13331416280979147 0.05554759511138832
2 0.5457976180528112 0.4708823753277929 0.2503025271501697 0.0549090133672712
7 0.5106492633926318 0.49597511345637496 0.18626180234149298 0.04716430594524968
9 0.7600358157113183 0.5183783087969116 0.11427343800111499 0.04832651009547567
4 0.43359075173078016 0.59108495536599 0.38133743412903537 0.06243333637172122
10 0.468242015305865 0.5654863992106735 0.11123853102224916 0.04229160193506846
6 0.5641954726673774 0.5746034603437056 0.09325016668187118 0.04408215297262495
1 0.6391722013481335 0.5794761643538868 0.07923271319243805 0.04091924822405781