0 0.1703710986987994 0.36786263064822766 0.32875056779191336 0.048725261296455304
3 0.5484459802576038 0.3214781002560222 0.36573311272698517 0.048371098698799415
9 0.9053260659707598 0.49265719324061114 0.1408203880516262 0.049443709089950515
7 0.5964133412954009 0.4922635781777919 0.2466632924672722 0.04229394597234159
2 0.598697683633344 0.45131594337257663 0.24675056779191346 0.047293945972341586
4 0.4809268706450642 0.6342038805162622 0.43975056779191335 0.05066277350348764
10 0.5432112129830072 0.59430354960674 0.13276802285684153 0.046304068570524576
6 0.662193757918079 0.5953807023331978 0.11675056779191345 0.045024787531673154
1 0.7651588477882226 0.5951785740208042 0.10680293298669813 0.047850236882391074
8 0.4930169361011434 0.4104831615551137 0.47173311272698515 0.05022133558119049
5 0.8960169361011435 0.41751755272118546 0.15716948935019037 0.06972299012880194