0 0.1805 0.3525501182808774 0.339 0.051972244305913816
3 0.5685 0.30730743624752815 0.374 0.05217586834929739
9 0.9265 0.4838902193198501 0.144 0.05083776749277763
7 0.6105 0.4825517850995882 0.252 0.04446609311236079
2 0.615 0.43957796533373755 0.252 0.0494660931123608
4 0.488 0.6258391009477462 0.45 0.05461802341493012
10 0.5525 0.586214350970553 0.136 0.04779122485428979
6 0.6745 0.5869241262074893 0.119 0.046692321747503686
1 0.7795 0.5875349983376398 0.109 0.04863414344939429
8 0.509 0.3979612753737763 0.482 0.05380419396888055
5 0.92 0.4078524034260789 0.16 0.07293085276975285