0 0.16340992720561673 0.3515 0.3187679795289596 0.066
3 0.5437182826225475 0.325 0.3737912516358979 0.068
9 0.8879899783832177 0.5165 0.14567489110120688 0.058
7 0.5741761552387231 0.5005 0.25263998294079965 0.055
2 0.5806590514576901 0.459 0.2527097992616141 0.061
4 0.4430878339401931 0.637 0.4488727040101813 0.075
10 0.5100125498918147 0.6005 0.1386283468873306 0.054
6 0.6309369155442656 0.607 0.12160507478039244 0.052
1 0.7358787352769203 0.612 0.11061671083386136 0.053
8 0.4782117639974717 0.4115 0.48187270401018134 0.075
5 0.8858801364736028 0.44 0.16291924822405782 0.079