0 0.176521695859307 0.34851521130201174 0.33929089149054775 0.051972244305913816
3 0.5652453489432867 0.30327834709847334 0.3742908914905479 0.05217586834929739
9 0.9242605602452983 0.4798611301707954 0.14429089149054788 0.05083776749277763
7 0.6082634691602038 0.4785226959505335 0.25225016668187117 0.04446609311236079
2 0.6115191203081437 0.43654305835487184 0.25227925583092586 0.0494660931123608
4 0.48659832773807593 0.6213100117986915 0.45030252715016966 0.05461802341492989
10 0.5508685234605432 0.582185261821498 0.13627343800111474 0.04779122485428979
6 0.6728685234605432 0.5828950370584346 0.11926762017130386 0.046692321747503686
1 0.7778685234605432 0.5835059091885848 0.10927925583092565 0.04863414344939429
8 0.5052747714560835 0.3939263683949106 0.4822967093203588 0.05380419396888055
5 0.9173154962647602 0.4033233142770241 0.1604188837463887 0.07293085276975285