0 0.17 0.3650218709102556 0.326 0.04579335343092157
3 0.544 0.30866998691281794 0.36 0.04518897924887051
9 0.892 0.46662064030557643 0.138 0.047605775378733596
7 0.588 0.47515800056017826 0.243 0.03982756099298763
2 0.591 0.4341230923997709 0.243 0.044827560992987625
4 0.472 0.617507782762592 0.433 0.047038411152113664
10 0.533 0.5777979835009778 0.13 0.04551268695098088
6 0.651 0.5744249291916259 0.114 0.04332651009547567
1 0.753 0.5712380517377792 0.104 0.04621014956078488
8 0.487 0.39733324196055575 0.464 0.04639912880965528
5 0.885 0.39270209267986006 0.153 0.06778031618077