0 0.1715219378642752 0.3389906065277993 0.32838397676752307 0.0679082481779933
3 0.5521761103542655 0.31027692228473075 0.3653839767675231 0.06812350788099866
9 0.8900823583498059 0.49630467797881694 0.1423316162992246 0.05782613183315562
7 0.5831725347118757 0.4825907517307802 0.2473199806396026 0.05643700396330587
2 0.5894139746490303 0.44105584475191445 0.24734906978865728 0.06143700396330598
4 0.4558958544321131 0.616826707201866 0.4394247015761997 0.07555402728700937
10 0.5206023873904021 0.5809514571790594 0.13530834497998057 0.0537854070244789
6 0.6395674804115363 0.5862591354315557 0.11829670932035878 0.05168650391769279
1 0.7415354823475762 0.5911657167908383 0.10830252715016968 0.052628325619583166
8 0.4876786859054288 0.39614926339263185 0.4714305194060107 0.07674019784096003
5 0.8885157866707221 0.42181631363843886 0.1594537907252545 0.07892503493994195