0 0.16958446800765298 0.3385188552768862 0.33665161899426876 0.05990971396561247
3 0.5595557281731509 0.30255109810309466 0.3766516189942688 0.060375156104375834
9 0.9144437844685122 0.4882051691915579 0.14661671083386135 0.05469886380648643
7 0.5975019647358576 0.479516540241858 0.25455853056651606 0.05095555758114756
2 0.6025023150350282 0.43656890248246893 0.2546167108338616 0.05595555758114756
4 0.4698380090897784 0.6210503975047534 0.45269816320814504 0.06525949616802632
10 0.5358034512285418 0.5818125590069785 0.13758180267345416 0.05159413932526468
6 0.6587743610948691 0.5857437935836758 0.12055853056651608 0.0493963264162901
1 0.7647569070146655 0.5884772152513987 0.1105934387269233 0.05227996588159931
8 0.49650848336093334 0.39182966278801146 0.4856981632081451 0.06564348593250612
5 0.9098397605856317 0.41114117089747787 0.16287270401018122 0.07688504066199175