0 0.18560338748162855 0.32709084308955416 0.340389794597334 0.06897806213572483
3 0.5762604688865244 0.3023627056307322 0.375401430256956 0.07118168617910828
9 0.9236405366479155 0.4968902193198501 0.1463374341290355 0.05884940315239953
7 0.6082336219248907 0.47905469401449374 0.2533257984694135 0.05747191094217169
2 0.6144808796918564 0.4365896009933595 0.2533548876184682 0.062471910942171686
4 0.47743367032588435 0.6157983761390694 0.4514363372358216 0.07762384124474102
10 0.5446460211139843 0.5796881707364036 0.13831416280979147 0.05480286051391181
6 0.666108205220213 0.5868950370584346 0.12130252715016968 0.052703957407125475
1 0.7710762071562528 0.593005909188585 0.11130834497998057 0.05364577910901608
8 0.5107572266078767 0.38848454669302007 0.4834421550656326 0.07881001179869145
5 0.9185914184582645 0.4193582212558899 0.15846542638487654 0.08091921711013095