0 0.5078809741311103 0.38235875292168414 0.3066516189942687 0.05956063236153989
0 0.2009802308847682 0.43028066647994057 0.2475119863526397 0.04687410520686399
8 0.46558495536599 0.44235840262251347 0.3726167108338615 0.057328611890499474
5 0.7908755064035465 0.4281459380267005 0.13360507478039244 0.05354759511138832
2 0.5717769502482299 0.46009182429023643 0.25155853056651606 0.05092064942074023
7 0.541631849879037 0.4902369246594294 0.18648871424570165 0.04416430594524968
9 0.792503853290877 0.4821575740801696 0.11553525845957802 0.0473381461489447
4 0.4773478174665563 0.5939747631572043 0.38460507478039246 0.05646824453212867
10 0.5085045538892183 0.5648412988414805 0.11245380608529433 0.040303237988537605
6 0.605458009675342 0.5619699960279818 0.09448871424570143 0.04309378902609387
1 0.6813998294079966 0.5578543360916322 0.07945380608529422 0.03991924822405758