0 0.17953624043383437 0.3479346005092375 0.32834325195884634 0.06281662553785987
3 0.5553471609649784 0.31105944440486166 0.3623490697886573 0.06421225135580858
9 0.8953943703309504 0.48711482227884195 0.14030834497998057 0.054629047485671774
7 0.5918303742030298 0.4796463645067091 0.24529089149054767 0.05285083309992569
2 0.5965947520956861 0.43908818423936374 0.2453199806396026 0.0578508330999257
4 0.46911578122750874 0.616083417110141 0.4353781589377121 0.07006168325905174
10 0.5319063393543143 0.5793503457415887 0.13229670932035878 0.05253595905791917
6 0.6499325195884638 0.5824772914322368 0.11627925583092565 0.04934978220241373
1 0.7519499730778965 0.5842904139783901 0.10629089149054767 0.05123342166772295
8 0.49434167649890953 0.3967750616932103 0.4663781589377121 0.07042240091659346
5 0.8919638509249396 0.4131497304392492 0.15643051940601072 0.07581522434117721