0 0.15889969234883022 0.393189734546557 0.31779938469766045 0.07562053090688607
3 0.5213579152641765 0.30383609091268576 0.359837795849774 0.07826636830923007
9 0.878339410286461 0.4280784501359198 0.14067489110120687 0.06044370908995052
7 0.5764786926289194 0.4643411522117774 0.24367489110120688 0.06224158077755692
2 0.5774441347676827 0.42433242467931326 0.24473307136855238 0.0672590358424851
4 0.4727391026352911 0.6156215688344555 0.4329192482240578 0.08654058804898977
10 0.5312510889879308 0.570609175068619 0.1336283468873305 0.056321523635452876
6 0.64789072162956 0.5565756600044816 0.11660507478039245 0.054024787531673155
1 0.7475187182177199 0.543838881044124 0.10762834688733074 0.055867691947319144
8 0.47178158031828615 0.39718266156170434 0.46394252033099587 0.08908169506176478
5 0.8646772061362351 0.356331548577379 0.1579192482240578 0.08174044519373024