0 0.16114387028533705 0.3694250349399419 0.31828507366073683 0.05085006987988379
3 0.5353006183264907 0.3126038122041447 0.37027925583092586 0.050152597030053474
9 0.8972285621813381 0.47420404876589956 0.14328507366073678 0.04983194966296651
7 0.584295467224164 0.48388306803507053 0.25024434885206026 0.04345445745273878
2 0.5865511183721039 0.4418976126095979 0.25027343800111496 0.048454457452738776
4 0.46865068820637446 0.6302052908620942 0.4452967093203587 0.053588934265875195
10 0.5309063393543143 0.5885689052252789 0.135273438001115 0.0477854070244789
6 0.6518830680350706 0.5852728626324045 0.11826180234149297 0.045686503917692786
1 0.7558597967158267 0.5818779169327439 0.10827925583092587 0.04862832561958316
8 0.47983585866909856 0.4042780137347312 0.47729089149054765 0.05277510481982563
5 0.8872951338604218 0.39964877938269544 0.1584130659165778 0.07191921711013094