0 0.498 0.37310272075414425 0.304 0.041768620262530476
0 0.188 0.40990624799554043 0.246 0.03243118613349497
8 0.452 0.4313703409254482 0.371 0.03615841485986448
5 0.778 0.4284737284070767 0.131 0.045762135705235095
2 0.557 0.4527594687952978 0.25 0.03645445745273878
7 0.524 0.4819514571790594 0.185 0.03307629851502679
9 0.776 0.4824853640666987 0.113 0.040657414768637976
4 0.453 0.5833645230956372 0.383 0.03422822881759589
10 0.487 0.5551667168820648 0.11 0.03363996127920518
6 0.583 0.555608205220213 0.092 0.037535240342607724
1 0.659 0.5541660501545805 0.077 0.0354479728954434