0 0.15557405632760557 0.35471386579249553 0.30731998063960253 0.05857226841500892
3 0.5271871706451771 0.283885253901996 0.3763257984694135 0.060375156104375834
9 0.8970947520956861 0.4355915501719038 0.14630834497998058 0.054698863806486316
7 0.5796965641173778 0.4567859971483382 0.25427925583092587 0.05095555758114756
2 0.5809434885206013 0.4132685430681345 0.25430834497998056 0.05595555758114756
4 0.4645750564188321 0.609135779350752 0.4523490697886573 0.0652594961680261
10 0.5278219808220554 0.564896889955465 0.1372908914905479 0.05159413932526468
6 0.6497870738431898 0.5574772914322368 0.12027925583092587 0.04939632641629032
1 0.755252166864324 0.5502496877912484 0.11029670932035879 0.05227996588159931
8 0.4722340466474069 0.3785310548695302 0.4853490697886573 0.06564348593250612
5 0.885649688115148 0.35921954676006373 0.1624363372358216 0.07688504066199175