0 0.5132136842430686 0.3864460233227023 0.2922792558309259 0.051397727612972746
0 0.21634458541381502 0.40549011544238406 0.23721525970300536 0.039757744672172975
8 0.46903075596776556 0.44042821894332795 0.35625598451168206 0.04814243503499415
5 0.7805860253509697 0.45355284959894787 0.12627343800111498 0.04846614273710475
2 0.5681732927981341 0.4660801882367674 0.24024434885206028 0.04479265283258042
7 0.5363216474583133 0.49120783452575667 0.17820944187319446 0.03807121751749708
9 0.7773827346713283 0.5045121234118061 0.10924434885206029 0.04326832982813016
4 0.4653714323754486 0.5848758567027171 0.36825016668187105 0.04728206767662323
10 0.49822307771526925 0.5597598464671969 0.10620362404338335 0.03623342166772295
6 0.590246349034513 0.5648303633863527 0.08922689536262715 0.04003560875874859
1 0.6632550757792295 0.5671797952895958 0.07521525970300535 0.037872704010181224