0 0.1588319057155285 0.3971149593380082 0.317663811431057 0.07577008132398351
3 0.5255103820800756 0.30832125560791607 0.368291674804688 0.07827043162315409
9 0.8901975859770868 0.436550823984762 0.1450298488307649 0.06067559169954825
7 0.5811215688344555 0.4731405464799746 0.24902984883076487 0.06188574126033302
2 0.5823546815614407 0.4311347284532401 0.25011712415540593 0.06689737731380205
4 0.47445094390043824 0.6273506960407594 0.44241386025918567 0.08613149957986616
10 0.5337451493546722 0.5811699869128178 0.1359600285710519 0.05657086721832638
6 0.6529633376662749 0.5672852965499969 0.11992511844119554 0.054384690362820946
1 0.7556553433804853 0.5550926010694156 0.1109600285710519 0.05627996588159931
8 0.47487833350928726 0.4023914222279012 0.474448770389042 0.08850385329087704
5 0.8769892607817749 0.36271954676006374 0.16239640519425758 0.0818734046085226