0 0.4794910292807297 0.393131849879037 0.3025701666199852 0.052514088147663646
0 0.17347322490135542 0.4340770355442316 0.2444421700318252 0.04083919704645666
8 0.4358103201527882 0.4511314995798663 0.36854689451304695 0.05128206767662311
5 0.7579499527944172 0.4428783087969116 0.13057016661998522 0.05051268695098099
2 0.5405950531636101 0.4708532851941202 0.2485119863526397 0.04688574126033291
7 0.5082576076130068 0.49948093148310957 0.18443053397835615 0.03914103383831161
9 0.7568216059070867 0.49687249077017703 0.11350035029917058 0.04431487404200652
4 0.44056491213242555 0.6012071339274154 0.3805119863526397 0.048421700318252076
10 0.47289072162956 0.5735794876384261 0.109418897924887 0.03726832982813039
6 0.5689198117632326 0.5721965487714582 0.09246544213876337 0.04107051691915581
1 0.6434605379503744 0.5695634347549051 0.0774421700318253 0.038895976117119514