0 0.16882746103647886 0.35966355194916466 0.3258552981814826 0.05467289610167063
3 0.5458150672706422 0.29506553740629843 0.3688378431165545 0.05442346389358409
9 0.9065816950617648 0.4473166241619965 0.1428552981814828 0.051478619219806884
7 0.5957824283084392 0.4642451493546722 0.24973311272698515 0.04634631116712626
2 0.5975493155814542 0.42220151169235165 0.2498203880516262 0.051346311167126145
4 0.482830867787959 0.6122612093538813 0.4438902083113391 0.058732593763200384
10 0.5445977550609739 0.5691702677958678 0.1348029329866979 0.048338978700381174
6 0.664527934801261 0.5630756600044816 0.11778547792176983 0.047042242596601454
1 0.7674581145415482 0.5572777883168751 0.10783784311655427 0.049867691947319145
8 0.49090347817911006 0.3870517485747427 0.4758727532464109 0.058291155840903344
5 0.8957725651921484 0.3724824472788146 0.15823930960990357 0.07374044519373013