0 0.17253914934873985 0.3505 0.3283490697886573 0.06
3 0.5523529787947893 0.3185 0.3653490697886573 0.06
9 0.8954060059905721 0.4995 0.14131416280979148 0.054
7 0.5883478276924626 0.4895 0.2472967093203588 0.051
2 0.5936034788404025 0.4475 0.2473257984694135 0.056
4 0.4651361436318471 0.625 0.4393839767675231 0.066
10 0.5289237928437471 0.5885 0.13429670932035878 0.051
6 0.6479470641629911 0.5925 0.11728507366073677 0.049
1 0.7499674265673293 0.596 0.1072908914905479 0.05
8 0.490350403243626 0.404 0.4713781589377121 0.065
5 0.8919754865845615 0.4255 0.15843633723582162 0.075