0 0.16046733520855544 0.3845 0.3209346704171109 0.059
3 0.528679019269171 0.313 0.3623490697886573 0.06
9 0.8848441606912988 0.4565 0.14030834497998057 0.053
7 0.5802219862652688 0.4775 0.2452908914905479 0.05
2 0.581460517287518 0.4365 0.2453199806396026 0.055
4 0.4708667652830584 0.6245 0.4353781589377122 0.065
10 0.5311111141351185 0.5825 0.13229670932035878 0.051
6 0.6476605656885116 0.574 0.11627925583092588 0.048
1 0.7497012904971884 0.567 0.10629089149054767 0.05
8 0.476649596756374 0.404 0.4663781589377121 0.065
5 0.8732717711824041 0.383 0.15643051940601072 0.074