0 0.487 0.3773332419605558 0.302 0.042514088147663526
0 0.179 0.4159171464290339 0.245 0.032850833099925696
8 0.442 0.4358568643666646 0.368 0.038282067676623115
5 0.765 0.4310984190961502 0.13 0.04651268695098099
2 0.546 0.4566467148058798 0.248 0.03788574126033291
7 0.513 0.4850307045703596 0.184 0.034141033838311616
9 0.763 0.4851216912030884 0.112 0.04030323798853749
4 0.443 0.5868452283131955 0.38 0.03642170031825208
10 0.476 0.5584612385487158 0.109 0.03426832982813039
6 0.572 0.5583441774156835 0.091 0.03805888086568666
1 0.647 0.5564714734055023 0.077 0.03589597611711952