0 0.49638453039220554 0.38192636839491056 0.29575056779191344 0.044716259794231744
0 0.19620378286000506 0.4191839283665294 0.23859347220755944 0.03538464349500737
8 0.4523983192237613 0.43817620171303945 0.3606807475322005 0.04109441873194396
5 0.7675117771457947 0.4335088181034904 0.12780293298669812 0.04673886438599129
2 0.554057945457661 0.4582696203537569 0.2426632924672722 0.03940791481425117
7 0.5220604761072069 0.48658635871471184 0.18059347220755945 0.03504720936597198
9 0.7661041137695275 0.48550590918858494 0.11069820259712879 0.04063996127920518
4 0.45333242467931323 0.5851965641173779 0.37064583740234414 0.03915259703005358
10 0.4863124389648392 0.5578856435862338 0.10759347220755944 0.03462250778977227
6 0.5793211664973034 0.5579267017586527 0.09066329246727219 0.038523604682985935
1 0.6533648041596238 0.5558572211646633 0.07661092727248751 0.0354421550656325