0 0.486 0.3889831615551137 0.305 0.05032379480310635
0 0.1755 0.41356336389490217 0.247 0.03931140103726977
8 0.44 0.4466802285684157 0.372 0.04649328415329694
5 0.765 0.4568531246700865 0.132 0.04930406857052469
2 0.5445 0.47150428285341445 0.251 0.04338122129698263
7 0.511 0.49891953817831913 0.186 0.038246642076648414
9 0.763 0.50981821454023 0.114 0.043989877401816785
4 0.4385 0.5976540459710233 0.384 0.04570274493243551
10 0.472 0.5717387906461187 0.111 0.03693751220703211
6 0.569 0.5759319319441558 0.093 0.04062332103832432
1 0.645 0.5777585168787003 0.078 0.03736149506440097