0 0.524886792157845 0.37397181958339776 0.2966748911012069 0.05972207762404275
0 0.223538060852943 0.3887258952714008 0.240546894513047 0.04839627915462927
8 0.47800350299170646 0.4272481664994181 0.3606748911012069 0.06009441873194396
5 0.7922478601145572 0.4464213679387782 0.12961671083386136 0.053750500045613304
2 0.5773293124888408 0.4546722013481335 0.2435934387269233 0.052413732644062065
7 0.5446260318523025 0.48036418973189504 0.1815003502991708 0.04405302719578288
9 0.787347116868215 0.4979533660027383 0.11153525845957779 0.04664577910901607
4 0.47020818482492727 0.5738034358826222 0.37166325504773784 0.05915841485986448
10 0.5039231015149347 0.5491056296690496 0.10845380608529422 0.03962832561958317
6 0.5975103719159529 0.5560616625817254 0.09148871424570165 0.04252942251279683
1 0.6705569161298293 0.5596369610055255 0.07745380608529422 0.0394479728954434