0 0.16572388740927774 0.3648792226352572 0.31462834688733055 0.05765372078929261
3 0.5407584452705143 0.32924856071289843 0.37063998294079964 0.05930533978356129
9 0.893835480814746 0.5118328154805472 0.14460507478039245 0.05367559169954825
7 0.5817773005474005 0.5032023667981927 0.25054689451304696 0.0499090133672712
2 0.5857944043284335 0.46175472903880366 0.25060507478039246 0.0549090133672712
4 0.4594179840865415 0.6427594961680263 0.445674891101207 0.06317804379374274
10 0.5234641780012472 0.6045100216167822 0.13558180267345415 0.051570867218326384
6 0.6444932681349198 0.6084179840865416 0.11854689451304694 0.04837305430935203
1 0.7485107222151235 0.6111281336473262 0.10958180267345415 0.05126832982813039
8 0.48079405402926284 0.4175387614512843 0.477686527154676 0.06455039750475339
5 0.8879627768045646 0.43677463521320176 0.15984943190324338 0.07485013250158443