0 0.5011467792002425 0.3660969029243333 0.29722689536262725 0.04072789545385376
0 0.19834458541381503 0.40185970535705273 0.24117453489432863 0.03140209698444028
8 0.45647839549946695 0.4233587052658263 0.36319198838376154 0.03511187222137687
5 0.7754725776696559 0.4205028175561315 0.12825598451168208 0.0447446822158023
2 0.5596005699254971 0.4437594687952978 0.24419780621357245 0.035419550473873185
7 0.5277692869900147 0.47294563934924844 0.18118035272413954 0.032053027195782874
9 0.7737809226496367 0.4735144532157534 0.11022689536262714 0.03963996127920518
4 0.45834525214129934 0.5723528874360153 0.37518035272413963 0.033181686179108286
10 0.49118235290659257 0.5441608990522538 0.10718617055395066 0.03262250778977204
6 0.5861939885662145 0.545608205220213 0.09020944187319446 0.03652360468298593
1 0.6601823529065926 0.5431776858142022 0.07619780621357244 0.03444215506563251