0 0.1554520545894411 0.3799163081952255 0.3109041091788822 0.05583261639045099
3 0.5258579152641766 0.3160805408849009 0.37063998294079964 0.05715259703005347
9 0.8865717810566721 0.4716895041913722 0.14460507478039245 0.05283776749277763
7 0.5748797861744321 0.48637725020525957 0.25054689451304696 0.048454457452738776
2 0.5768685004201336 0.444385976949976 0.25060507478039246 0.05345445745273878
4 0.4591460142075385 0.6347140176068107 0.445674891101207 0.060588934265875194
10 0.5211463645067091 0.5920718141401844 0.13558180267345415 0.0507854070244789
6 0.6422161808275236 0.58677577154731 0.11854689451304694 0.04768650391769279
1 0.7462859971483381 0.5813808258476494 0.10958180267345415 0.050634143449394056
8 0.4697757622915516 0.4087605602452983 0.477686527154676 0.06177510481982563
5 0.8779444850668533 0.3966342348081681 0.15984943190324338 0.07392503493994196