0 0.16320787261617564 0.3759715775784296 0.3264157452323513 0.049902430348182404
3 0.5363171890770347 0.3196416280979159 0.36154689451304695 0.049100236561754856
9 0.885007782762592 0.4771807774466557 0.13955853056651607 0.048808678343722815
7 0.5798739681476975 0.4869063393543144 0.24447707819223252 0.04241955047387307
2 0.58285104633993 0.4459208839288417 0.24453525845957802 0.04741955047387319
4 0.4647100125016185 0.6292460156707709 0.43458180267345425 0.052524938137954676
10 0.5266870906938509 0.5886038122041447 0.13153525845957803 0.046762135705235096
6 0.6447336349077273 0.5852903161218374 0.11551198635263972 0.04466905042825965
1 0.7457685430681344 0.5828779169327439 0.10554689451304694 0.04761087213015026
8 0.47976994426481706 0.40931873854340783 0.4655701666199851 0.051705290862094216
5 0.8778513966391007 0.4046342348081681 0.15480288768936679 0.06989594579088702