0 0.17107183194547396 0.37745703300390215 0.32792511844119554 0.05490243034818241
3 0.5419547077900679 0.3156212656935775 0.36194257350612363 0.056100236561754856
9 0.8980555124643724 0.46667786853175025 0.14089020831133894 0.05181449617353383
7 0.593843521035688 0.48140633935431437 0.24478547792176983 0.04641955047387308
2 0.594627863373631 0.4404150660990308 0.24487275324641086 0.051419550473873185
4 0.48537450545027955 0.6257605602452984 0.4349949387009083 0.05952493813795445
10 0.5451588477882227 0.5851125389488612 0.13185529818148278 0.0497621357052351
6 0.6625453898661893 0.5792961339516484 0.11580293298669812 0.04666905042825988
1 0.7634493870090839 0.5743837347625549 0.10685529818148279 0.04961668995996115
8 0.48952566363360756 0.40530710288378596 0.4659949387009085 0.05970529086209422
5 0.8872812927246125 0.3936225991485462 0.15623930960990356 0.07190176362069815