0 0.18360927272487615 0.35103266479144457 0.3260298488307648 0.060890794688560505
3 0.5560594381796372 0.3217027153109309 0.36004730389569295 0.06208860090213295
9 0.8961838948017883 0.5026633239572229 0.13992511844119554 0.05380867834372282
7 0.5934918890875779 0.4899034304394089 0.24387275324641086 0.051413732644062064
2 0.5987936864904492 0.4499383374182746 0.2439600285710519 0.05641373264406218
4 0.4733221402554949 0.6226907462875668 0.43311712415540593 0.06651330247833266
10 0.5367024854505432 0.587563087395468 0.13287275324641087 0.05076795353504622
6 0.653772305710256 0.5922437734833498 0.11583784311655426 0.04866905042825988
1 0.7538333984375047 0.5963255564644453 0.10587275324641086 0.05061087213015025
8 0.49704311869853574 0.4063507366073681 0.46413457922033424 0.06769365520247231
5 0.8909009475295643 0.429140052637979 0.15629167480468822 0.07490176362069814