0 0.17320274493243557 0.3820625970973974 0.33397748363598023 0.05987480580520514
3 0.5540507106471733 0.31161762467220705 0.3729600285710519 0.059328611890499476
9 0.9217300631136547 0.46087046515599117 0.14492511844119554 0.05467559169954825
7 0.6070267992174344 0.4815358219987528 0.2518203880516262 0.04992064942074035
2 0.6087936864904492 0.4395067318650801 0.25192511844119553 0.05592064942074023
4 0.49614505895666694 0.6328565140674939 0.44804730389569297 0.06520131590068104
10 0.5578944911647536 0.5891292607256762 0.13687275324641088 0.0515825032717953
6 0.6782810332427202 0.5812271162826514 0.1198378431165545 0.04938469036282095
1 0.7821850303856149 0.5745169667218667 0.10987275324641087 0.05126832982813016
8 0.5001565766205692 0.40426342563974127 0.4810298488307649 0.0645853056651606
5 0.9094122057115742 0.3854984617441511 0.16127421973975992 0.07486176855505357