0 0.5094682445321286 0.384 0.3055934387269233 0.051
0 0.1987533278421211 0.4085 0.24746544213876337 0.04
8 0.46312568155313183 0.4405 0.37254689451304696 0.047
5 0.7882478601145572 0.451 0.13258180267345415 0.05
2 0.5674224009165935 0.466 0.2515119863526397 0.044
7 0.5342365743602587 0.493 0.1864421700318253 0.038
9 0.7848703889751533 0.5045 0.11451198635263972 0.044
4 0.4603943616804327 0.5925 0.3845236224061089 0.045
10 0.4940801882367674 0.5655 0.11143053397835616 0.037
6 0.5911325504773782 0.57 0.09346544213876337 0.04
1 0.667150004557582 0.5715 0.0784421700318253 0.038