0 0.1664453636375619 0.3710109689321376 0.3328907272751238 0.045966426476102926
3 0.5514318342878985 0.3157594687952978 0.37375056779191346 0.04517005051948627
9 0.9094993833799581 0.48165923223354296 0.14383784311655426 0.04883194966296662
7 0.5933946529903887 0.4894976664538049 0.2516807475322005 0.040460275282549786
2 0.5981452207823021 0.44647439513456105 0.2517680228568415 0.04546027528254979
4 0.470846213510869 0.6361958060311195 0.44976802285684153 0.04661220558511877
10 0.5355618711729259 0.5948234649232184 0.13578547792176981 0.0457854070244789
6 0.6575967813027823 0.5921136896862818 0.11876802285684153 0.04468650391769279
1 0.7626316914326388 0.5895028175561315 0.10880293298669813 0.04662832561958317
8 0.4918434233794308 0.40709690292433326 0.48175056779191333 0.04579837613906955
5 0.9038434233794308 0.40469995704221967 0.16020439948004697 0.06992503493994195