0 0.1542282288175959 0.3821156898687348 0.3043490697886573 0.06176862026253047
3 0.5208064361563016 0.3074805463281142 0.3733548876184682 0.06317005051948626
9 0.8891674749683229 0.45334249387258807 0.14431998063960236 0.05583776749277763
7 0.5747925583092586 0.47667220134813354 0.2522967093203588 0.05246609311236079
2 0.5765482094571985 0.43466056568851164 0.2523316162992244 0.0584660931123608
4 0.46467686844052375 0.6293179804571496 0.448389794597334 0.06960638775530788
10 0.5259208839288417 0.5849601839237758 0.1373025271501697 0.05279704268410092
6 0.6468714323754486 0.5757562265166503 0.12029089149054789 0.050698139577314574
1 0.7513277986518665 0.5676482633014055 0.10930252715016968 0.05263414344939429
8 0.4673533121585315 0.40179470913790577 0.481389794597334 0.06979837613906943
5 0.8767282288175959 0.37791230783031954 0.1614421550656325 0.07693667059956386