0 0.1529847886979883 0.37470804776576094 0.3059695773959766 0.05858390446847807
3 0.5226906549287929 0.3048968899554651 0.37231998063960237 0.059328611890499476
9 0.8862918002230004 0.4551555484659838 0.14430834497998057 0.05467559169954825
7 0.572698714946025 0.4748034512285418 0.25127343800111496 0.04992064942074035
2 0.5744430637980852 0.43278599714833815 0.25130834497998056 0.05592064942074023
4 0.4568260404743817 0.6261415973774865 0.4473490697886573 0.06520131590068082
10 0.5195791160711583 0.5819143440356687 0.1362908914905479 0.05158250327179553
6 0.641614023050024 0.5744947455124404 0.11927925583092587 0.04938469036282095
1 0.7456460211139843 0.5677845959516555 0.1092908914905479 0.05126832982813039
8 0.4671495967563741 0.39853687289626477 0.4803432519588464 0.0645853056651606
5 0.8762339552886328 0.37927772702740914 0.1604247015761998 0.07486176855505357