0 0.154 0.38520804776576095 0.308 0.06958390446847806
3 0.5215 0.3019317981158723 0.375 0.0733635200509068
9 0.8935 0.4401031862253728 0.146 0.05969886380648631
7 0.5785 0.47076854306813454 0.253 0.05894392152767841
2 0.5795 0.42875690701466546 0.253 0.06394392152767842
4 0.469 0.6270426909229994 0.451 0.08024786011455717
10 0.53 0.5798328916613852 0.138 0.055605775378733596
6 0.6515 0.5689191111648914 0.121 0.05340796246975924
1 0.7565 0.5586973255506376 0.111 0.054291601935068226
8 0.47 0.39753105486953016 0.483 0.08162021382556782
5 0.88 0.36376027294720553 0.163 0.0818966767154609