0 0.16908884290710116 0.3294948488976734 0.32138397676752306 0.0678675233693167
3 0.5502430153970915 0.3052114420556474 0.3733956124271449 0.07017005051948638
9 0.895625992073388 0.4992273200851433 0.1453374341290355 0.05884358532258852
7 0.5812248951801743 0.4803976126095979 0.2523199806396026 0.056466093112360796
2 0.5879692440322344 0.43843542850336914 0.2523548876184682 0.062466093112360795
4 0.4514278524960735 0.6166471125639846 0.4484363372358216 0.07760638775530788
10 0.5181402032841733 0.5805339982464132 0.13831416280979147 0.05480286051391204
6 0.6391023873904021 0.5877379556535388 0.12130252715016968 0.052703957407125475
1 0.7440703893264419 0.5938488277836891 0.11030834497998057 0.05363996127920518
8 0.4842368642035384 0.3918303742030298 0.48143633723582163 0.07779837613906944
5 0.8930710560539262 0.4227098665957105 0.16245960855506564 0.07994248842937486