0 0.17706823849779463 0.35651812021691714 0.3273083449799806 0.05490243034818241
3 0.5523413431351674 0.3197027153109309 0.3613141628097917 0.056100236561754856
9 0.8953536455222736 0.49569241310627765 0.1402967093203588 0.05181449617353383
7 0.5913216474583134 0.4884237928437472 0.24426180234149297 0.04641955047387308
2 0.5955831164360642 0.4474499730778965 0.24429089149054767 0.051419550473873074
4 0.4711186901424142 0.6247198354366217 0.4343316162992245 0.05952493813795445
10 0.5334034304394089 0.5880834497998063 0.13128507366073677 0.0497621357052351
6 0.6514150660990308 0.5907699537174991 0.11526762017130386 0.04666905042825988
1 0.7534267017586527 0.5933633723582166 0.10628507366073676 0.04961668995996115
8 0.49284167649890953 0.4053536455222736 0.4653316162992245 0.05970529086209422
5 0.8904231261162628 0.4216662328721284 0.1554130659165778 0.07190176362069815