0 0.17255102701332997 0.331954091170026 0.32938979459733403 0.0727427163613836
3 0.5587022905884148 0.299216436107734 0.37540143025695577 0.0755456493480815
9 0.9060881761796168 0.4846333459802502 0.1463374341290355 0.060548439479519746
7 0.590681261456592 0.4741404189651029 0.2533257984694135 0.060416131426839
2 0.5964227013937469 0.43254441610799765 0.2533548876184682 0.065416131426839
4 0.4598842187724913 0.6134095774057712 0.4514363372358216 0.08287223428262633
10 0.5265936606456857 0.5762488155880446 0.1383141628097917 0.05640879896009392
6 0.6485558447519145 0.5806192976668021 0.12130252715016968 0.054112062856314425
1 0.7535267556028596 0.5837865158493393 0.11130834497998057 0.054937512207032115
8 0.4931990483097672 0.3868510153280682 0.4834421550656326 0.08443079636032917
5 0.904033240160155 0.40817698364257077 0.16346542638487654 0.08284517558329947