0 0.5068008603314589 0.3809612753737763 0.29722689536262725 0.04072789545385376
0 0.20260305411788643 0.4131926551112458 0.24117453489432863 0.03140209698444028
8 0.46146924403223444 0.43769947303228335 0.36319198838376154 0.03511187222137687
5 0.7804750618620453 0.438555360741978 0.12825598451168208 0.04474468221580218
2 0.5643470696062044 0.45929870950281165 0.24419780621357245 0.035419550473873074
7 0.5321841703714977 0.48711253894886114 0.18118035272413954 0.032053027195782985
9 0.7781667168820647 0.4915437250823561 0.11022689536262714 0.03963996127920518
4 0.46160820522021306 0.5857052908620942 0.37518035272413963 0.033181686179108286
10 0.4947652866251088 0.5588972792458557 0.10718617055395044 0.03262250778977227
6 0.5887594687952978 0.5604441552480856 0.09020944187319446 0.03652360468298593
1 0.6637652866251088 0.5598804924839071 0.07619780621357244 0.03444215506563251