0 0.16148027376741836 0.36506841512413196 0.3229605475348367 0.04579335343092157
3 0.5345016545476114 0.3087165311266943 0.3607156576620569 0.04518897924887051
9 0.8806739340292402 0.4666555484659838 0.13880293298669813 0.047605775378733596
7 0.5755866587045991 0.4752045447740545 0.2436458374023441 0.03982756099298763
2 0.579302316366656 0.4341696366136473 0.24373311272698517 0.044827560992987625
4 0.4571254945497204 0.6175543269764684 0.43373311272698517 0.047038411152113664
10 0.5198062420819209 0.5778328916613852 0.13076802285684153 0.0455126869509811
6 0.6368411522117774 0.5744714734055022 0.11473311272698515 0.04332651009547567
1 0.7388760623416337 0.5712845959516556 0.10478547792176983 0.04621014956078488
8 0.47696560883392836 0.39736815012096305 0.46471565766205697 0.04639912880965528
5 0.8739656088339284 0.3927486368937364 0.15415203428526228 0.06778031618076989