0 0.1554847886979883 0.38473171766126607 0.3109695773959766 0.07146343532253217
3 0.5247401064821859 0.31169009168470657 0.375401430256956 0.07554564934808161
9 0.8954168835639359 0.4596746483055394 0.1463374341290355 0.060548439479519746
7 0.5817539843292291 0.48220248545054323 0.2533257984694135 0.060416131426839
2 0.5819983331812892 0.4402024854505432 0.2533548876184682 0.065416131426839
4 0.4698580385383419 0.634264973243511 0.4514363372358216 0.08287223428262609
10 0.531119840879835 0.5903297322041323 0.13831416280979147 0.05640879896009392
6 0.65318092809285 0.5819592501253749 0.12130252715016968 0.054112062856314425
1 0.758736197476054 0.5743007594753018 0.11130834497998057 0.054937512207032115
8 0.4726874126501453 0.40579115584090336 0.4834421550656326 0.08443079636032917
5 0.8838532207997576 0.38446518752640074 0.16346542638487654 0.08284517558329947