0 0.4998241316507027 0.3769205505650996 0.3043490697886573 0.06176862026253047
0 0.18974849986316028 0.3881170233237034 0.24627343800111492 0.04843118613349497
8 0.4505070599260057 0.4311354769043628 0.3693490697886573 0.06214677920024246
5 0.7733819765850701 0.45451463593330127 0.13331416280979147 0.05477377136485711
2 0.552338342861488 0.4607288955450803 0.2503025271501697 0.05345445745273878
7 0.518181261456592 0.48753108933150774 0.18626180234149298 0.046082116344837686
9 0.7675678137752784 0.5084826378693411 0.11427343800111475 0.047663232598448874
4 0.44013147653945683 0.5815802075211586 0.38133743412903537 0.060216593157973876
10 0.4747798311996362 0.5562809226496367 0.11123853102224916 0.041645779109016075
6 0.5707274707313377 0.5658394343114884 0.09325016668187118 0.043541058172418844
1 0.6467100172419048 0.569281589377121 0.07923271319243827 0.04045960855506564