0 0.1645 0.3638713581806918 0.325 0.05467289610167075
3 0.544 0.3239955553209504 0.37 0.054458374023440455
9 0.8995 0.5027008309029317 0.143 0.05149607428473519
7 0.586 0.49772866804793553 0.25 0.046363766232054446
2 0.59 0.4557984883076484 0.25 0.05136376623205433
4 0.4645 0.6386078776591572 0.445 0.05876750389305698
10 0.5285 0.599725001814563 0.135 0.049356433765309245
6 0.6495 0.6018370646708773 0.118 0.04705969766152975
1 0.7535 0.603652391423412 0.108 0.049885147012247444
8 0.4845 0.4129569789577214 0.477 0.05832606597075983
5 0.8925 0.4275786454484342 0.158 0.07375790025865843