0 0.1651467792002425 0.36994830625918573 0.32525016668187107 0.044890794688560394
3 0.5408442520500729 0.32013581026810495 0.3632385310222492 0.04311187222137676
9 0.8937925583092585 0.4851836863615612 0.13927343800111475 0.0478086783437227
7 0.5858274652881243 0.48939179477978695 0.24522107753281625 0.03942536830368408
2 0.5895889342658752 0.4484150660990308 0.2452501666818712 0.044425368303684085
4 0.4696594149510909 0.6317111086919052 0.43725016668187106 0.04554239162738759
10 0.5324208839288417 0.5910776319699953 0.13225598451168208 0.044767953535046215
6 0.6514150660990308 0.5907699537174991 0.11525016668187117 0.04366905042825988
1 0.7534034304394089 0.5893633723582166 0.10526180234149296 0.045610872130150255
8 0.4843620389032478 0.40880419396888046 0.46923853102224916 0.04372856218133802
5 0.8863620389032478 0.41114296155288454 0.155389794597334 0.06790176362069815