0 0.5096816861791083 0.37795254862905986 0.30228507366073676 0.05075698460290846
0 0.20281840517966568 0.39966647487709656 0.2442210775328163 0.03941955047387319
8 0.46300457573361625 0.43317911062794495 0.3682734380011149 0.04914096137043157
5 0.7845656629466313 0.44554954291216703 0.13028507366073677 0.0497563178754242
2 0.5661529303937956 0.4592783470984733 0.24825598451168207 0.04544282179311699
7 0.5333100117986914 0.48608635871471184 0.18421525970300537 0.038070480685215784
9 0.7823710990117065 0.4980349983376397 0.11325016668187118 0.04365741476863798
4 0.45937725020525955 0.5831529303937957 0.3802559845116821 0.04621077532816298
10 0.4932259866301747 0.5573507366073681 0.10920944187319447 0.03663414344939429
6 0.5892521668643239 0.5624092482692199 0.09223271319243805 0.04053524034260772
1 0.6642608936090405 0.5643455855050415 0.07722107753281625 0.0384479728954434