0 0.5130892870104021 0.3833936610820914 0.3069774836359802 0.05956063236153989
0 0.20647949532174123 0.43081557464034786 0.24776802285684152 0.04687410520686387
8 0.47214531843855934 0.44340494683638987 0.3729251184411955 0.057328611890499585
5 0.7963311272698513 0.42918084618710783 0.13390766337626747 0.05354759511138832
2 0.5784245994774108 0.4606383685041128 0.2518378431165545 0.05092064942074023
7 0.5479657064901855 0.4912776508465712 0.18673311272698515 0.04416430594524968
9 0.7992649732435111 0.482704118294046 0.11580293298669812 0.04733814614894481
4 0.48378976077518426 0.5950096713176116 0.38490766337626725 0.05646824453212844
10 0.5147748363598018 0.5658762070018877 0.11268074753220049 0.040303237988537605
6 0.6116962885676248 0.5625049041883889 0.09473311272698516 0.04309378902609387
1 0.6876177407754479 0.5588892442520393 0.07968074753220049 0.03991924822405781