0 0.1625713241374992 0.36043740290260257 0.3251426482749984 0.05778171737745243
3 0.5407822809166274 0.32583583111391656 0.36462834688733053 0.058235523462746866
9 0.8847343355060685 0.5058619056142198 0.14160507478039244 0.05364068353914092
7 0.5767983338001484 0.4967780011457418 0.24654689451304693 0.04986246915339484
2 0.581775411992381 0.4558303633863527 0.24660507478039245 0.05486246915339484
4 0.4531867403946803 0.6338584026225135 0.4386748911012069 0.06309659141945917
10 0.517123092399771 0.5970972920178004 0.13357016661998522 0.050547595111388094
6 0.6360998202928327 0.6004819823806214 0.11654689451304694 0.04834978220241373
1 0.7390823662126291 0.6031804958879371 0.10757016661998522 0.050245057721192095
8 0.47976994426481706 0.41213766790577155 0.4706632550477378 0.06246894513046982
5 0.8801070395162499 0.43079790732013995 0.157837795849774 0.07382686039464624