0 0.16022241098778497 0.382 0.31638397676752306 0.066
3 0.531259893517814 0.3025 0.3733956124271449 0.068
9 0.901583116436064 0.444 0.1453374341290355 0.058
7 0.589246015670771 0.472 0.2523199806396026 0.055
2 0.5890016668187109 0.43 0.2523548876184682 0.061
4 0.4801361436318471 0.625 0.4484363372358216 0.075
10 0.5408714323754487 0.5795 0.13831416280979147 0.054
6 0.6618161629922445 0.57 0.12130252715016968 0.052
1 0.766263802523946 0.561 0.11030834497998057 0.053
8 0.47931258734985477 0.3975 0.48143633723582163 0.075
5 0.8881467792002424 0.369 0.16245960855506564 0.079