0 0.497 0.3876751672693241 0.295 0.05314924415382415
0 0.198 0.4269561028557871 0.239 0.04217176051784395
8 0.455 0.4444420545423389 0.36 0.05228382337415837
5 0.7695 0.43793167246226344 0.127 0.05021679324588354
2 0.5575 0.4637311986974813 0.242 0.04622412571262862
7 0.5265 0.49219009168470657 0.18 0.0401419116870793
9 0.7695 0.48993167246226343 0.11 0.04392005714210393
4 0.461 0.5915467849319083 0.371 0.05047582908836876
10 0.492 0.564087891944683 0.107 0.03786769194731914
6 0.586 0.5632286680479356 0.09 0.040570955843539654
1 0.66 0.5610203428526236 0.076 0.03832658493454437