0 0.5291933218387301 0.37393400368962654 0.29937815893771197 0.06673953111347566
0 0.22423695556231232 0.3832084417819679 0.24329670932035874 0.052413732644062176
8 0.4805016668187108 0.42721907735036335 0.3643781589377121 0.06711769005118777
5 0.7976558393087012 0.4518748253002905 0.13131998063960237 0.0557621357052351
2 0.580673292798134 0.4561372943692678 0.2463199806396026 0.05643118613349497
7 0.5463187385434078 0.4813380094977458 0.18327343800111476 0.048064662855404776
9 0.7924583664588708 0.5039068233642507 0.11327925583092564 0.048657414768637976
4 0.4693597967158267 0.5747888913080947 0.3763723411079011 0.06618750400891918
10 0.5037172598854583 0.5500881761796168 0.10923853102224916 0.041634143449394284
6 0.5982725292686623 0.5590383912624816 0.09325598451168207 0.044541058172418845
1 0.6718045273326226 0.5641107807713763 0.07923271319243805 0.04045960855506564