0 0.49912059896609323 0.36739146141604484 0.3033781589377122 0.06676280243271947
0 0.19697548658456152 0.4266315678982308 0.24529670932035869 0.05242536830368408
8 0.4599754865845615 0.42816165713851206 0.3693839767675231 0.06814677920024247
5 0.7803067695200437 0.40102627159292326 0.13232579846941347 0.0567679535350461
2 0.5655511183721039 0.44177543818356785 0.2493257984694135 0.057448639622927886
7 0.5352285621813381 0.47209799437433364 0.18527343800111498 0.048076298515026795
9 0.7831209323298354 0.4550408161674507 0.115285073660737 0.04966905042825988
4 0.47484525214129936 0.5777431067558655 0.3803723411079012 0.06621077532816298
10 0.5051707172469706 0.5479205505650996 0.11023853102224916 0.04163996127920518
6 0.5996270835233884 0.5409703354822348 0.09426180234149296 0.04554687600222974
1 0.6755834497998063 0.5339124905478675 0.07923853102224916 0.04145960855506541