0 0.1539520545894411 0.3875 0.3079041091788822 0.071
3 0.5164684577721328 0.3035 0.3678610679567123 0.074
9 0.8819266806874791 0.436 0.144686527154676 0.059
7 0.5730426909229993 0.469 0.248686527154676 0.059
2 0.5730197691152319 0.428 0.2497447074220213 0.064
4 0.4672681927689639 0.6215 0.4419425203309959 0.081
10 0.5262918151750726 0.5765 0.13563998294079965 0.055
6 0.6454372658434363 0.564 0.11961671083386136 0.053
1 0.7480652624315962 0.553 0.11063998294079966 0.055
8 0.4663688507193043 0.398 0.47396579243793396 0.083
5 0.8682761125907222 0.363 0.16193088427752672 0.08