0 0.5086154696077945 0.3760794494349004 0.2978378431165545 0.04972789545385376
0 0.20602566363360755 0.4013422518676199 0.2416632924672723 0.03940209698444028
8 0.4630842257113105 0.43184997852110985 0.36280293298669813 0.048106054391565865
5 0.7807587763605928 0.4400028175561315 0.1288378431165545 0.0487446822158023
2 0.5655118748020518 0.4557565598803924 0.24473311272698514 0.043419550473873074
7 0.5329831615551137 0.48294854826415395 0.1816458374023441 0.03805302719578299
9 0.7781664397368601 0.49202317996046985 0.11173311272698515 0.042645779109016076
4 0.46216757532068675 0.5798703409254481 0.3747680228568415 0.04617586834929716
10 0.49471374363255316 0.5536783525416866 0.10862838233741581 0.036628325619583166
6 0.58879229142473 0.5576314765394568 0.09068074753220048 0.039523604682985936
1 0.6628184740221225 0.558700957133446 0.07664583740234411 0.037442155065632504