0 0.5166380524555261 0.3675 0.30228507366073676 0.049
0 0.20877186254117808 0.3905 0.2442210775328163 0.038
8 0.46996675983984504 0.424 0.368273438001115 0.047
5 0.7920191203081437 0.433 0.13028507366073677 0.049
2 0.5736092966702134 0.4485 0.24825598451168207 0.044
7 0.5397721959049202 0.4765 0.18421525970300537 0.037
9 0.7883332831179353 0.487 0.11325016668187118 0.043
4 0.4668394343114884 0.574 0.3802559845116821 0.044
10 0.5006823529065926 0.547 0.10920944187319447 0.036
6 0.5967085331407418 0.5515 0.09223271319243805 0.04
1 0.6717172598854584 0.553 0.07722107753281625 0.038