0 0.175 0.3554818797830828 0.33 0.055919883837615314
3 0.5545 0.3147740133698253 0.364 0.05611769005118777
9 0.9005 0.48776104425523464 0.141 0.05282031400334472
7 0.5925 0.4845529358370089 0.246 0.04843118613349497
2 0.597 0.4430267556028597 0.246 0.05343118613349498
4 0.4705 0.6232627110739455 0.438 0.06054820945719848
10 0.535 0.5853874610511389 0.133 0.04977377136485711
6 0.653 0.586700957133446 0.116 0.047674868258071004
1 0.756 0.5876017206629177 0.107 0.04962250778977227
8 0.4945 0.4016230831584826 0.47 0.05973438001114903
5 0.895 0.41329304231919495 0.157 0.07291339928031994