0 0.16615841485986443 0.37004587591100335 0.32725016668187107 0.04490243034818241
3 0.5438558877096948 0.3158467362424622 0.36524434885206003 0.04412350788099866
9 0.8988100117986915 0.47778722448938404 0.14027343800111475 0.04781449617353371
7 0.5888449187775572 0.4855907517307802 0.24622107753281625 0.03943118613349497
2 0.592600569925497 0.4435674804115364 0.2462501666818712 0.044431186133494976
4 0.47267686844052376 0.629271437818662 0.43925016668187117 0.04555402728700938
10 0.5344441552480855 0.5889107323703827 0.13225598451168208 0.044767953535046215
6 0.6544325195884637 0.5862125927930681 0.11625016668187117 0.04367486825807077
1 0.7574208839288417 0.5836133563225396 0.10626762017130387 0.04661668995996115
8 0.4873736745628698 0.40517835254168666 0.4712443488520602 0.04474019784096003
5 0.8903736745628699 0.4028337671278716 0.15638979459733401 0.06790758145050904