0 0.1809431551568591 0.332958608463839 0.3343839767675231 0.06794315515685911
3 0.5652977094115852 0.3057216529015267 0.369389794597334 0.06914677920024247
9 0.9099001881607612 0.4932232283614635 0.1443316162992246 0.05783776749277763
7 0.598307102883786 0.47903548234757615 0.25031998063960237 0.05645445745273878
2 0.6050656629466313 0.43749475753889944 0.2503490697886573 0.06145445745273878
4 0.47109541882317035 0.6152801645633783 0.4444305194060107 0.0765831164360643
10 0.5368830680350706 0.5783961877958553 0.13630834497998057 0.05379122485429002
6 0.6564208839288417 0.5842009571334462 0.11929670932035878 0.05169232174750368
1 0.7604499730778965 0.5885959028331067 0.10930834497998057 0.05363414344939429
8 0.5017951338604218 0.3915939940094278 0.4764363372358216 0.07776928699001473
5 0.9069609420100342 0.4177377729359909 0.16045960855506564 0.07993085276975284