0 0.5261503797376509 0.371932093769791 0.2990298488307649 0.06420160934860883
0 0.22237729558171773 0.39023843350796916 0.24282038805162626 0.05122412571262862
8 0.47809295324377465 0.4267873919512737 0.3630123937658366 0.06431873350401475
5 0.7959595096072672 0.44224540883656455 0.13092511844119553 0.05526915844066832
2 0.5800816950617648 0.4530157028610595 0.24589020831133893 0.05527649090741329
7 0.5465267992174343 0.47910917506861894 0.18275056779191345 0.04617682181693567
9 0.7908584454510703 0.4938501392261338 0.11280293298669812 0.047954967271960414
4 0.47216757532068676 0.5744357600031635 0.3749949387009083 0.06352819428315343
10 0.5057399262299455 0.5493422877956041 0.10968074753220049 0.04090260207717574
6 0.599370839216907 0.5552102392248157 0.09173311272698516 0.04358841090846772
1 0.6734406594766199 0.5579185644201278 0.07768074753220049 0.0403440399994729