0 0.15673405373648108 0.36892503493994194 0.31346810747296217 0.04484425205007278
3 0.5293346431572383 0.31810090328923923 0.36748871424570145 0.044135143540620675
9 0.8834146943348394 0.48517205070193925 0.14154689451304694 0.04782031400334472
7 0.5723448780140249 0.4893627056307322 0.2484421700318253 0.03944282179311699
2 0.5758335922597264 0.4473801591201651 0.24850035029917059 0.04444282179311699
4 0.45266928631447667 0.6326762017130395 0.4425003502991707 0.04557148077644206
10 0.5151463645067091 0.5920369071613187 0.13351198635263972 0.044773771364857114
6 0.6361696366136473 0.5907408645684443 0.11650035029917058 0.04367486825807077
1 0.7391812726671164 0.5903401010389727 0.10653525845957802 0.04661668995996115
8 0.4712873983450207 0.40776928699001475 0.47448871424570155 0.044757651330392834
5 0.8762873983450207 0.41012550806345166 0.15679125163589788 0.06890758145050904