0 0.17414243503499416 0.356 0.33651198635263974 0.044
3 0.5595257242011327 0.303 0.37148871424570146 0.042
9 0.9204689451304698 0.47 0.14255853056651607 0.048
7 0.6065271253978152 0.475 0.2504421700318253 0.038
2 0.6090384111521137 0.433 0.2505119863526397 0.044
4 0.48822598920430155 0.621 0.4465119863526397 0.044
10 0.5517489110120691 0.58 0.13552362240610888 0.045
6 0.6727256389051309 0.578 0.11851198635263972 0.044
1 0.7777023667981928 0.576 0.10753525845957779 0.046
8 0.5015846050668193 0.394 0.47948871424570166 0.042
5 0.9115846050668195 0.394 0.15879125163589788 0.068