0 0.4933147101324927 0.3859089149054777 0.2957505677919132 0.04471625979423186
0 0.19231724078203846 0.4126606570472856 0.2385934722075594 0.03538464349500737
8 0.4473372264965125 0.4416471125639847 0.3606807475322005 0.04109441873194396
5 0.7622586787043356 0.4479797289544356 0.12780293298669812 0.04673886438599129
2 0.5474357600031635 0.4652318044599857 0.2426632924672722 0.03940791481425117
7 0.5154557457176374 0.4925485428209406 0.18059347220755945 0.03504720936597198
9 0.7583510153280681 0.4999622754650027 0.11069820259712879 0.040639961279205064
4 0.4432887870169927 0.5876383858192683 0.37064583740234414 0.03915259703005358
10 0.4762251636401982 0.5628274652881243 0.10759347220755944 0.03462250778977204
6 0.5701815259778775 0.5658743412903541 0.09066329246727219 0.038523604682985935
1 0.6431815259778775 0.566299042866554 0.07661092727248751 0.0354421550656325