0 0.48946824453212856 0.39246570649018553 0.3035119863526397 0.04928888467324987
0 0.18243950469762646 0.4275982740247586 0.24539562581794888 0.038276490907413294
8 0.44615477168680456 0.45069768363334395 0.36946544213876337 0.04644091895851227
5 0.7690791373392555 0.4498356696051582 0.13154689451304694 0.04928661350559651
2 0.5508874927561862 0.4725217379183427 0.24945380608529422 0.043346311167126145
7 0.5187365743602588 0.5019544483081756 0.1854072618714181 0.03822918701172023
9 0.7687074842265861 0.50381821454023 0.11347707819223252 0.0429724223368886
4 0.4514118157606363 0.6017587763605927 0.38145380608529433 0.045650379737650834
10 0.48358018823676735 0.5738260659707598 0.11040726187141797 0.036920057142103814
6 0.5795685521832984 0.5745017522038687 0.09245380608529422 0.04060586597339602
1 0.65454528007636 0.573810882073485 0.078418897924887 0.03736149506440097