0 0.17255537787398031 0.3410537634372935 0.3337679795289596 0.06987480580520514
3 0.5553520972374419 0.3200045538892183 0.3677796155824287 0.07127043162315408
9 0.8951587011585196 0.5124840841756453 0.14366325504773794 0.058663955646079104
7 0.5853390599872903 0.49337690760022906 0.24863998294079964 0.057885741260332906
2 0.5918277742329918 0.45144672392104357 0.24869816320814517 0.06288574126033301
4 0.4572740107956984 0.6264049468363898 0.4418610679567122 0.07913149957986639
10 0.5221929087205854 0.5911554722851459 0.13561671083386137 0.05457086721832639
6 0.6421172743730365 0.5990517987014359 0.11959343872692352 0.052384690362820945
1 0.7450532760789566 0.6057503122087516 0.10961671083386136 0.054268329828130166
8 0.4903630326925698 0.40425984646719687 0.47387270401018133 0.08050385329087703
5 0.8930372231954354 0.436949176015238 0.16090761217058844 0.07986176855505357