0 0.498716593157974 0.37522269945259945 0.3013490697886573 0.0635024520941945
0 0.19853657379757653 0.4337193335200594 0.24427343800111487 0.04983919704645666
8 0.45956566294663126 0.43568232356462827 0.3653374341290355 0.0622471595162159
5 0.7784289439460738 0.4084704225079903 0.13130834497998056 0.05452432300445002
2 0.5636442036490792 0.44797217400384354 0.2472967093203588 0.05387410520686399
7 0.5338274652881242 0.47982125560791605 0.18425598451168207 0.04614103383831161
9 0.7802372889260545 0.4614529684277867 0.11327343800111499 0.048314874042006524
4 0.47142961067355815 0.5840543269764683 0.3773316162992244 0.061386792157844865
10 0.5022579846941351 0.5541936093189267 0.11022689536262727 0.04027996588159931
6 0.5972259866301747 0.5475881842393637 0.09225016668187118 0.044070516919155804
1 0.6711910796513091 0.5407271162826515 0.07822689536262714 0.03990761217058866