0 0.5055 0.3868820250286223 0.299 0.06347917998725632
0 0.1995 0.3963213926670824 0.243 0.04982756099298763
8 0.4565 0.4403118584086371 0.364 0.06223552346274687
5 0.7745 0.4650121234118061 0.131 0.05452432300445002
2 0.5575 0.4694870998090147 0.246 0.05386246915339484
7 0.524 0.49559729201780034 0.183 0.046129397784842464
9 0.769 0.5179481251177261 0.112 0.048303237988537376
4 0.447 0.5887013159006809 0.376 0.061375156104375946
10 0.482 0.5636085777720988 0.109 0.04026832982813016
6 0.5755 0.5731965487714582 0.092 0.04307051691915581
1 0.6505 0.5770692527816396 0.078 0.039907612170588434