0 0.4965 0.3712226994525995 0.296 0.06144427182684899
0 0.1995 0.42967860733291763 0.24 0.049792652832580414
8 0.4565 0.43068814159136287 0.36 0.06218897924887051
5 0.7705 0.40403442080207025 0.129 0.054501050897511956
2 0.5595 0.4429896280840471 0.243 0.053827560992987626
7 0.5295 0.4738387096881197 0.181 0.0451061256779044
9 0.773 0.4560053306683975 0.111 0.047291601935068456
4 0.4675 0.5770601450032029 0.371 0.06131697583703044
10 0.4985 0.5471994273456612 0.108 0.04025669377466102
6 0.5915 0.5406172743730365 0.091 0.04305888086568666
1 0.6655 0.5337562064163242 0.077 0.039895976117119515