0 0.171210775328163 0.38098321323805145 0.33839561242714494 0.06996642647610292
3 0.5547395311134756 0.3022172598854583 0.37740143025695577 0.07119332183873019
9 0.9272013818559622 0.4473814925751337 0.14559723628807547 0.05884940315239942
7 0.612734380011149 0.4735488761846827 0.2553316162992244 0.0584835466017937
2 0.6124842133292779 0.43054887618468274 0.2553607054482791 0.0634835466017937
4 0.5031390525467526 0.6284060059905723 0.4534363372358216 0.0776354769043628
10 0.5648685234605432 0.5822667114388514 0.13931416280979148 0.0548086783437227
6 0.6863074362475281 0.5724735777608826 0.12230252715016968 0.05270977523693637
1 0.792252166864324 0.5635902677208438 0.11131416280979146 0.05464577910901607
8 0.5027951338604219 0.3974118238203831 0.4864479728954436 0.07982746528812436
5 0.9146235078809987 0.37030876970249677 0.16246542638487654 0.08094248842937475