0 0.16545647141949307 0.34848612215295693 0.32669816320814504 0.06189661251837151
3 0.5438346431572384 0.31818526182149803 0.3656981632081452 0.06212350788099866
9 0.8847110633991303 0.5026807774466557 0.14162834688733072 0.05482031400334472
7 0.5773390599872903 0.48989179477978695 0.2475934387269233 0.052437003963305986
2 0.5828161381795228 0.4489208839288418 0.2476516189942688 0.057437003963305984
4 0.4512507386887603 0.6256674749683231 0.4397679795289596 0.06855402728700938
10 0.5156754546403819 0.5895398160762242 0.1345934387269233 0.051779589194668005
6 0.6346289104265055 0.594232137823728 0.11757016661998523 0.0496806860878819
1 0.7375881842393637 0.5983313742942562 0.10758180267345414 0.050622507789772044
8 0.48133394255889705 0.4038274652881243 0.47175634347549056 0.06774019784095993
5 0.8815895854360463 0.42715750612741193 0.15887270401018122 0.07591921711013094