0 0.5179158822915176 0.3884631758406397 0.30175634347549046 0.0702539745433935
0 0.21200315269253575 0.39062192597260514 0.2445934387269233 0.05525903584248511
8 0.4695325931253791 0.44060787765915704 0.36575634347549046 0.07137109869879942
5 0.7878467665690444 0.4731585883063303 0.13163998294079965 0.05728661350559651
2 0.5708816747294517 0.47237083921690703 0.24763998294079964 0.05931140103726966
7 0.5356842121196479 0.49775118441195537 0.18454689451304693 0.05021173194679204
9 0.7829576593761713 0.5255625854492251 0.11457016661998523 0.050989877401816784
4 0.45926054706553815 0.5888984168800184 0.37774470742202154 0.07058055947793809
10 0.4934812817822801 0.5655006166200419 0.11047707819223251 0.04292005714210381
6 0.5880918242902364 0.5766501202557586 0.09352362240610887 0.04662332103832432
1 0.6631558225843164 0.5834592501253749 0.07946544213876336 0.04137895012932904