0 0.1646503797376509 0.3800807828898691 0.31687275324641084 0.05183843422026189
3 0.5396118033744219 0.31839327888094987 0.37487275324641084 0.05217586834929739
9 0.9059133412954009 0.4767784977446676 0.14487275324641086 0.05083776749277763
7 0.5906140745420753 0.490114023050024 0.25275056779191346 0.04446609311236079
2 0.5918809618150902 0.4481023873904021 0.2528378431165545 0.0494660931123608
4 0.47469742415145155 0.6388034358826222 0.45090766337626736 0.05461802341492989
10 0.5369643114244664 0.5964369126045319 0.1368203880516262 0.04779122485428979
6 0.6598944911647536 0.5917213195377845 0.11980293298669813 0.046692321747503686
1 0.7648246709050407 0.5871104474076342 0.10983784311655427 0.04863414344939406
8 0.48371766934781796 0.4107278040950798 0.48289020831133916 0.05380419396888055
5 0.8955867563608563 0.40083085821296616 0.16125676467483163 0.07293085276975285