0 0.15 0.3961182597392326 0.3 0.0702365194784652
3 0.513 0.32345444830817566 0.373 0.07451073921822512
9 0.883 0.4704128223316161 0.145 0.06053098441459156
7 0.57 0.49294938700908403 0.252 0.0593986763619107
2 0.57 0.45094938700908405 0.252 0.06539867636191081
4 0.4605 0.6450380573994441 0.448 0.08281986908784165
10 0.5215 0.6006028163600654 0.138 0.05640879896009392
6 0.642 0.5927061516839158 0.121 0.054112062856314425
1 0.7465 0.5850302059689145 0.11 0.054920057142103816
8 0.4615 0.41755551246437245 0.481 0.08339588623047257
5 0.8695 0.3961771789550852 0.162 0.08182772051837128