0 0.48950315269253575 0.3898216474583133 0.30375634347549046 0.06676280243271947
0 0.1872071339274154 0.4485588450255939 0.2455934387269233 0.05242536830368408
8 0.4492071339274154 0.4500831164360642 0.36976797952895957 0.06814677920024247
5 0.7698696883768119 0.42295063980538083 0.1326516189942688 0.0567679535350461
2 0.5548584026225135 0.46369689748112 0.2496516189942688 0.057448639622927886
7 0.5262133022533205 0.49402818041660224 0.18554689451304693 0.048076298515026795
9 0.7739863992106735 0.47597100220971916 0.11557016661998523 0.04966905042825988
4 0.4664467239210435 0.599673292798134 0.38074470742202143 0.06621077532816298
10 0.496597642316971 0.5698507366073682 0.11047707819223251 0.04163996127920518
6 0.5910161899426873 0.5634005215245034 0.09452362240610865 0.045546876002229966
1 0.6654289195416693 0.5563339498454195 0.07947707819223251 0.04145960855506564