0 0.169 0.37401678676194855 0.328 0.050908248177993304
3 0.544 0.31283510058284025 0.363 0.04911187222137687
9 0.8965 0.4677843155744786 0.14 0.048814496173533825
7 0.5905 0.48006457149663084 0.245 0.04242536830368408
2 0.593 0.4390500269221035 0.245 0.04842536830368408
4 0.476 0.6247307130099853 0.436 0.05353657379757647
10 0.5375 0.5833729164766114 0.132 0.04676795353504622
6 0.6555 0.5786864125589188 0.116 0.045674868258071
1 0.7575 0.5740929939182012 0.106 0.04761668995996115
8 0.4885 0.4021579901373483 0.468 0.05172274435152713
5 0.8875 0.3928366760427771 0.155 0.07090176362069803