0 0.17399328415329693 0.37492372337547647 0.3288552981814827 0.0547252612964553
3 0.5479634353225321 0.3224693727235581 0.3638203880516262 0.053336188568943045
9 0.9037038805162622 0.48563101064321884 0.14083784311655426 0.050443709089950516
7 0.5969046137629368 0.4917723057102561 0.24571565766205686 0.04527649090741329
2 0.5986889561008799 0.45081594337257663 0.2458203880516262 0.05127649090741329
4 0.48590068804767184 0.6327911558409035 0.43689020831133907 0.05861040830870297
10 0.5467024854505432 0.5938646423339887 0.13280293298669812 0.04830406857052481
6 0.6646326651908303 0.5919243399955185 0.1167854779217696 0.047024787531673155
1 0.7665628449311174 0.5897047566181965 0.10682038805162619 0.048850236882391075
8 0.49453439116607173 0.41150934415250606 0.4688552981814826 0.05716897038640582
5 0.8929122057115741 0.41146518752640077 0.15622185454497525 0.07270553506387376