0 0.504 0.37313542905158137 0.295 0.04643263577338007
0 0.2045 0.4156204270655722 0.238 0.03676938072564212
8 0.461 0.4301357793507519 0.36 0.04318897924887051
5 0.776 0.41997042250799027 0.127 0.04747777879057378
2 0.563 0.44844890189690534 0.242 0.04081592493951848
7 0.5315 0.4773154375811815 0.18 0.036094489624435254
9 0.7755 0.47197624053472487 0.11 0.04127996588159931
4 0.4645 0.5770950531636101 0.37 0.041305339783561296
10 0.497 0.5492168814258649 0.107 0.035245057721192095
6 0.59 0.5476347284532401 0.09 0.03904724481221774
1 0.664 0.5442736604965278 0.076 0.03588434006365037