0 0.16675150013683973 0.38795703300390216 0.32938397676752307 0.06791406600780431
3 0.5392918915817743 0.31112708352338847 0.367389794597334 0.06913514354062067
9 0.905100569925497 0.45225059140438717 0.1433316162992246 0.05783194966296662
7 0.5962605602452983 0.47795288199280195 0.2483199806396026 0.05644282179311699
2 0.5960220292230491 0.43695288199280197 0.24834906978865728 0.06144282179311699
4 0.49013614363184704 0.6278303742030298 0.4414305194060107 0.07656566294663117
10 0.5493801591201651 0.5841765350767817 0.13530834497998057 0.0537854070244789
6 0.6688190719071501 0.5743717657391908 0.11929670932035878 0.05169232174750368
1 0.7712667114388514 0.5659680932948137 0.10930834497998057 0.05363414344939406
8 0.48933585866909857 0.40433328311793526 0.4734363372358216 0.07775183350058182
5 0.8911729594343918 0.37867205070193927 0.1604537907252545 0.07893085276975284