0 0.5126539340292969 0.37951583964351676 0.3035119863526397 0.04752572420113268
0 0.20468267386379896 0.4164377532017733 0.24539562581794888 0.03685083309992569
8 0.4679674068746209 0.43800385329087704 0.36946544213876337 0.04429370373009226
5 0.79104304122217 0.43526229856139137 0.13154689451304694 0.048524323004450136
2 0.5717346858052392 0.45921400285166186 0.24945380608529422 0.04189737731380205
7 0.5388914222279012 0.4883358311139166 0.18540726187141787 0.03715266989178065
9 0.7889146943348394 0.48924484448118777 0.11347707819223252 0.042314874042006526
4 0.4697103628007891 0.5890445794780188 0.3814538060852942 0.043433336371721226
10 0.502541990324658 0.5609227512157641 0.11040726187141797 0.03627996588159931
6 0.5985419903246579 0.5620398123487962 0.09245380608529422 0.04007051691915581
1 0.6735768984850653 0.5599125163589777 0.078418897924887 0.03690761217058844