0 0.16670786641325755 0.3766286418193082 0.3273083449799806 0.05870780623152712
3 0.5383297074755454 0.30513535766601124 0.3613141628097917 0.06030127843908656
9 0.8927023819471888 0.44896499221388636 0.1402967093203588 0.05344370908995052
7 0.5882983761390695 0.47078005948452856 0.24426180234149297 0.04925903584248499
2 0.5895598451168204 0.42975387688713623 0.24429089149054767 0.05425903584248499
4 0.47814196146165805 0.6177175716915608 0.4343316162992244 0.06457549817884638
10 0.538397612609598 0.5746615402634035 0.13128507366073677 0.051286613505596504
6 0.6563597967158267 0.5661018426018738 0.11526762017130386 0.04800733246674509
1 0.7568277986518664 0.5588476085765881 0.10628507366073676 0.05085023688239107
8 0.48485331215853145 0.39607793117213497 0.4653316162992245 0.06511660519162114
5 0.882771862541178 0.3751308153307044 0.1554130659165778 0.07370553506387376