0 0.1742471595162159 0.3640109689321376 0.3295003502991707 0.04491406600780431
3 0.5516420847358234 0.30981182926359646 0.3634770781922325 0.04311187222137687
9 0.9055503975047534 0.4717639531701402 0.13954689451304694 0.0478086783437227
7 0.5976085777720987 0.4785558447519144 0.2454421700318253 0.03942536830368408
2 0.6001314995798663 0.43753839126248156 0.24550035029917058 0.044425368303684085
4 0.48227253341817794 0.6222365308397961 0.43750035029917067 0.04554239162738759
10 0.5448070912794145 0.5818700075617059 0.13251198635263972 0.044767953535046215
6 0.6627838191724763 0.5791835036440133 0.11550035029917058 0.04366905042825988
1 0.7657605470655383 0.5765842671734849 0.10552362240610864 0.045610872130150255
8 0.4956776934945721 0.39914344556282094 0.4694770781922325 0.04372856218133802
5 0.896677693494572 0.3968104958086278 0.15577961558242873 0.06790176362069815