0 0.5064566084786595 0.37715870115851946 0.3014538060852943 0.042502452094194496
0 0.20086387035007738 0.4157193335200594 0.2433490816040726 0.03282756099298763
8 0.4621314995798663 0.43568232356462827 0.3673956258179488 0.038270431623154084
5 0.7841198635263973 0.4309355143475831 0.12952362240610887 0.046501050897511956
2 0.5663758567027171 0.45547217400384354 0.2474072618714181 0.03787410520686399
7 0.5347133022533206 0.4848445277148542 0.1833607176575415 0.03312939778484247
9 0.7827365743602588 0.48395878645452123 0.11245380608529422 0.04030323798853749
4 0.464876907600229 0.5856706875111592 0.3793607176575416 0.03541006426478316
10 0.49756273415656377 0.5582866977466795 0.10837235371101075 0.03325669377466102
6 0.5935743702100328 0.5581696366136473 0.09143053397835615 0.03805888086568666
1 0.6685627341565636 0.5562969326034659 0.07640726187141808 0.03588434006365037