0 0.16682713192438214 0.4009570330039022 0.3294188837463888 0.07391406600780431
3 0.5378326163904509 0.318118356778672 0.36743051940601074 0.07613514354062068
9 0.9056034788404026 0.4527535003192927 0.1443432519588464 0.05983776749277763
7 0.5982954672241639 0.4839645176524239 0.2483432519588464 0.06044282179311699
2 0.597551118372104 0.44196160873751844 0.2493723411079011 0.06544863962292788
4 0.49418559518524025 0.6363536455222736 0.4414712442146874 0.0835656629466314
10 0.5534208839288417 0.5911998063960254 0.1353199806396026 0.0557854070244789
6 0.6713481610562049 0.5793863103137181 0.11930834497998058 0.053692321747503685
1 0.7737841649282843 0.568982637869341 0.11031998063960237 0.05563996127920518
8 0.48937949239268075 0.41183328311793527 0.4734828798743092 0.08575183350058183
5 0.8906729594343917 0.3786691417870338 0.16146542638487654 0.08093667059956386