0 0.1564440638893116 0.3964163081952255 0.3128881277786232 0.06683261639045099
3 0.5256528390350217 0.320568905225279 0.3713956124271449 0.07015841485986447
9 0.892332525031677 0.46370695768080505 0.14533161629922461 0.05784358532258852
7 0.5811783525416867 0.4883976126095979 0.2513199806396026 0.056460275282549904
2 0.5814227013937469 0.4463976126095979 0.2513490697886573 0.061460275282549784
4 0.47178822458061054 0.6407663780751093 0.4464305194060107 0.07659475209568609
10 0.532052935837009 0.5956154478637665 0.1373141628097917 0.05479704268410092
6 0.6526111141351184 0.5863164963559867 0.12029670932035878 0.051698139577314575
1 0.7561663835183227 0.5774186417414205 0.11030834497998057 0.05363996127920518
8 0.4736059630327919 0.41426928699001475 0.47843633723582163 0.07778092264963664
5 0.8807717711824041 0.38813714372307356 0.16145960855506541 0.07993667059956386