0 0.5026481160025623 0.3710503602858456 0.2996981632081452 0.06173953111347555
0 0.20250813306176269 0.42779280031422673 0.24354689451304692 0.04841373264406207
8 0.4624499527944173 0.43128016456337837 0.3646748911012069 0.060117690051187764
5 0.7797175820242062 0.4064359125133055 0.13161671083386137 0.053762135705235095
2 0.5652870480458501 0.44468092809285 0.2465934387269233 0.05243118613349498
7 0.5349379664417776 0.4748554629871786 0.1835119863526397 0.04506466285540477
9 0.7816125072438137 0.45842136793877813 0.11254689451304693 0.04765159693882697
4 0.47173363490772724 0.5787161684354578 0.37666325504773773 0.0591875040089194
10 0.5020710804583307 0.5495416335411292 0.10945380608529433 0.03963414344939429
6 0.5971350787524107 0.5434889397090885 0.09248871424570143 0.04253524034260772
1 0.6712107130999597 0.5365584203030778 0.07845380608529422 0.0394537907252543