0 0.512149688115148 0.37246709320358723 0.29931416280979145 0.05573953111347566
0 0.21194348852060124 0.42121883534539517 0.24225016668187108 0.04440791481425117
8 0.4714929400739944 0.43122856218133804 0.3643025271501697 0.054117690051187765
5 0.7888911280523027 0.41557572314631636 0.13029670932035878 0.0517563178754242
2 0.5755889342658752 0.44833361648167736 0.24527343800111476 0.04842536830368408
7 0.5442634691602038 0.47815035484263235 0.18223271319243803 0.041058845025593885
9 0.7911994730322833 0.46858735880593827 0.11226180234149297 0.04565159693882697
4 0.4813597967158267 0.5802809226496366 0.3762967093203587 0.053187504008919174
10 0.512691079651309 0.5514641842886817 0.10922107753281625 0.03863414344939406
6 0.6066678083320652 0.5480110602909115 0.09223853102224916 0.04153524034260772
1 0.6816387191830103 0.5434473975267332 0.07822107753281625 0.03845379072525452