0 0.5117659533525931 0.3899809314831095 0.3043199806396026 0.05853736025460171
0 0.20546924403223443 0.4374202991215696 0.24625016668187105 0.04586246915339484
8 0.46941397464903034 0.449992217237408 0.36930834497998055 0.05729370373009215
5 0.7920186955856277 0.4357448444811878 0.13230252715016969 0.05353595905791917
2 0.5743179804571495 0.46771400285166187 0.2492792558309259 0.050897377313802054
7 0.5426405366479155 0.49784746716738565 0.18524434885206006 0.04415266989178065
9 0.792704532775836 0.4897564805346568 0.11426180234149297 0.04632651009547567
4 0.4775383912624816 0.6005969417186298 0.38130252715016966 0.056433336371721224
10 0.5092100172419047 0.5714634774029059 0.11122689536262714 0.04029160193506823
6 0.6052274707313376 0.5695805385359382 0.09324434885206029 0.04308215297262495
1 0.6797623777102033 0.5644474245193849 0.07922689536262714 0.03991924822405781