0 0.5086503797376509 0.38684129884148044 0.29275056779191333 0.04639772761297263
0 0.21281367220492317 0.4213912089878969 0.2365760171426312 0.03574610861870394
8 0.4676365909060952 0.4428525845957789 0.3566632924672722 0.04214243503499415
5 0.7785318605165259 0.44047139722466433 0.12678547792176983 0.04646614273710475
2 0.5684769646721954 0.46352200796942195 0.2406632924672722 0.0407926528325803
7 0.5379569789577214 0.49066129031188027 0.17757601714263113 0.035059581464028045
9 0.7789220688278649 0.49146557919792977 0.10969820259712879 0.04126832982813016
4 0.47366757532068676 0.5878933107829207 0.3676283823374158 0.04027043162315408
10 0.5046875610351608 0.5607598464671969 0.10657601714263114 0.03423342166772295
6 0.5966962885676248 0.5623303633863527 0.08966329246727218 0.03903560875874859
1 0.6696351958403761 0.5596797952895959 0.07561092727248751 0.03587270401018122