0 0.4965 0.3562226994525995 0.303 0.04752572420113256
0 0.189 0.400300785894343 0.245 0.03685083309992569
8 0.4525 0.4157346858052392 0.369 0.04429370373009215
5 0.7755 0.40497624053472486 0.131 0.048524323004450025
2 0.557 0.43451871821771987 0.249 0.04189737731380205
7 0.5245 0.4633968899554651 0.185 0.03715266989178065
9 0.7745 0.4589878765881939 0.113 0.042314874042006526
4 0.456 0.5666939596180973 0.381 0.043433336371721455
10 0.489 0.5373099698536177 0.11 0.03627996588159931
6 0.585 0.5356929087205855 0.092 0.04007051691915581
1 0.6595 0.5323260227371386 0.078 0.03690761217058844