0 0.4985 0.3785998118392388 0.296 0.06472207762404286
0 0.203 0.4403189805483761 0.24 0.05239627915462938
8 0.46 0.43982379828696055 0.361 0.06610023656175486
5 0.7735 0.40949990864122604 0.129 0.055750500045613306
2 0.5625 0.45122747073133757 0.243 0.05641373264406207
7 0.533 0.48189909671076075 0.181 0.04705302719578299
9 0.776 0.46148536406669866 0.112 0.04765159693882697
4 0.4735 0.5847452575845126 0.371 0.06515841485986448
10 0.503 0.5550736316050894 0.108 0.04162832561958316
6 0.596 0.5485325734326707 0.092 0.044535240342607724
1 0.6695 0.5396049629415655 0.078 0.04045379072525452