0 0.5250456493480816 0.375 0.2969251184411955 0.053
0 0.22434238545186128 0.392 0.23973311272698516 0.042
8 0.4789794953217412 0.4285 0.36090766337626734 0.052
5 0.7942500488281287 0.444 0.12889020831133893 0.051
2 0.5794333270098749 0.4545 0.2428203880516262 0.047
7 0.5473958862304725 0.481 0.1806982025971288 0.04
9 0.7901489846719318 0.4955 0.11176802285684152 0.044
4 0.4750453898661892 0.5755 0.3718727532464109 0.05
10 0.5081002857105197 0.55 0.1086632924672723 0.038
6 0.601705016100089 0.556 0.09171565766205686 0.041
1 0.6747486537624096 0.5585 0.07766329246727219 0.038