0 0.16098187978308282 0.37638504066199174 0.32196375956616563 0.0527700813239835
3 0.5341586568648327 0.3227369246594294 0.3632734380011148 0.051223887409277725
9 0.8857481664994181 0.4833386335072818 0.14027925583092565 0.04962904748567189
7 0.5796870792864031 0.4902780011457418 0.24523853102224916 0.04385083309992581
2 0.5824256103086523 0.44930709127941454 0.24527343800111498 0.0498508330999257
4 0.46434931179362554 0.6329456730235317 0.4362967093203587 0.05607331931252088
10 0.5260878428158746 0.5926612903118803 0.13226762017130386 0.04753595905791917
6 0.6451111141351186 0.5900459806747015 0.11626180234149297 0.04634978220241374
1 0.7471343854543623 0.5872328581285481 0.10627343800111476 0.04823342166772295
8 0.4781408700116576 0.41109112369189516 0.4682850736607368 0.05444567302353164
5 0.8781815948203343 0.40874554507952904 0.15540724808676668 0.07180358828770818