0 0.20668746337890354 0.3305273386378195 0.32102984883076485 0.06272353711010714
3 0.5966674776644295 0.298495095811611 0.39113457922033423 0.06953806085294309
8 0.48427107247017215 0.37978669774667945 0.39806475896062127 0.06561951322722666
5 0.9170005189637848 0.3902482865945658 0.15318694441511888 0.06976868012730096
2 0.6109419568860818 0.4258031009293711 0.21478547792176983 0.04749011544238419
7 0.5793833948083789 0.45816381858691274 0.15778547792176983 0.046826860394646244
4 0.4753960480561078 0.6018448780140249 0.4030123937658366 0.06267769349457195
10 0.5605767955883083 0.5618616314958872 0.1378378431165545 0.04959413932526468
6 0.6755244303935237 0.5635234853469424 0.1208552981814828 0.05039632641629032
1 0.7804109724714903 0.5688016997326886 0.09889020831133917 0.052140333239970235
9 0.9286041137695273 0.4700970178994677 0.12383784311655449 0.04943123457669742