0 0.5043066781612698 0.3858409903861422 0.29834325195884637 0.06420160934860883
0 0.20073104637372743 0.3935433781804281 0.24227343800111492 0.05122412571262862
8 0.4549925153514782 0.43898569220465955 0.3623374341290355 0.06431873350401475
5 0.7723703409254482 0.4655276753193687 0.13030834497998056 0.05526915844066821
2 0.5563296161167715 0.46875738129487365 0.2452967093203588 0.05527649090741329
7 0.5221812614565922 0.4936639090873142 0.1822501666818712 0.04617682181693567
9 0.7665678137752784 0.5174316724622635 0.11226762017130386 0.047954967271960414
4 0.44613438545436235 0.5863460516852338 0.3743316162992244 0.06352819428315343
10 0.4802827401145417 0.5614395238927932 0.10922689536262727 0.04090260207717574
6 0.5737332885611486 0.5715715724635816 0.09124434885206005 0.04358841090846772
1 0.6477158350717157 0.5758632472682695 0.07722689536262714 0.0403440399994729