0 0.1745856919872275 0.3554890012998825 0.3283141628097916 0.0597252612964553
3 0.5523587966246002 0.3098909867570162 0.36331416280979145 0.060336188568943044
9 0.8973798257564228 0.47938644442170936 0.1412967093203588 0.0534611641548787
7 0.5913449187775571 0.478727694289744 0.24526180234149297 0.04927649090741329
2 0.5956063877553079 0.437649146497567 0.2452967093203588 0.05527649090741329
4 0.471147779291469 0.6188397571460582 0.43633743412903536 0.06561040830870297
10 0.5344267017586527 0.5797313605231165 0.13228507366073677 0.0513040685705248
6 0.65244124633318 0.5801716628615868 0.11627343800111475 0.04902478753167316
1 0.7544557909077075 0.5808912462389086 0.107285073660737 0.050867691947319375
8 0.4928649478181534 0.39793829065270925 0.4683316162992244 0.06516897038640582
5 0.8924463974355067 0.4049649922138864 0.15641888374638893 0.07472299012880194