0 0.1617020545894411 0.3775371491662869 0.3234041091788822 0.0548849768587495
3 0.5308404611839728 0.3113903699660443 0.3586167108338614 0.05508278307232194
9 0.8806066892170793 0.4583454027874935 0.13959343872692329 0.05180867834372271
7 0.5779263303883084 0.47560529630530757 0.24252362240610886 0.04640791481425117
2 0.5808917725270719 0.4355907517307802 0.24258180267345414 0.05140791481425117
4 0.4662507386887602 0.6202452575845127 0.43166325504773784 0.05950748464852177
10 0.5272278168809927 0.5788932788809498 0.1315585305665161 0.04876213570523533
6 0.6437976332018073 0.5722155017079735 0.1145352584595778 0.046663232598448984
1 0.7438616314958872 0.566133718726878 0.10557016661998522 0.04961087213015026
8 0.47679321637175526 0.401698714946025 0.4626632550477378 0.059687837372661305
5 0.870950303093588 0.3859064900005086 0.1548261597963051 0.07189594579088714