0 0.5181816861791083 0.3810042035900477 0.3063839767675231 0.06956063236154
0 0.21304239162738747 0.4394493892552423 0.24830252715016968 0.05488574126033291
8 0.4780423916273875 0.4425329434245498 0.3733839767675231 0.07034024794396851
5 0.8023707656479643 0.41680884277526775 0.13432579846941348 0.05755923116485735
2 0.5846151145000245 0.4562721831190073 0.2523316162992244 0.059932285474209264
7 0.554301285053975 0.4879172834882002 0.1872792558309259 0.050175941998718825
9 0.8056849284577559 0.470843750935675 0.11629089149054789 0.051349782202413735
4 0.49292088392884176 0.5936958481731169 0.3843781589377121 0.06946824453212844
10 0.5242434401196077 0.5635623838573931 0.11224434885206006 0.0433032379885376
6 0.6201998063960255 0.5571794449904253 0.09526180234149297 0.04610542507956302
1 0.6956561726724433 0.5505579670273412 0.08024434885206005 0.042930884277526726