0 0.178 0.3429644262936499 0.328 0.0669082481779933
3 0.555 0.3152711044549198 0.362 0.06810605439156586
9 0.8905 0.49931922255334427 0.141 0.05682031400334472
7 0.586 0.4845907517307802 0.245 0.05542536830368408
2 0.592 0.44405584475191445 0.245 0.06042536830368408
4 0.4605 0.617820889372055 0.435 0.07453075596776557
10 0.525 0.5829456393492485 0.133 0.053773771364857115
6 0.643 0.5882591354315557 0.117 0.05068068608788189
1 0.744 0.5926715346206493 0.107 0.052622507789772274
8 0.492 0.3991376277330099 0.466 0.07571110869190512
5 0.888 0.42483376712787163 0.157 0.07791339928031994