0 0.5141888421897042 0.3614495488347192 0.30358180267345414 0.05528888467324987
0 0.20490375887971155 0.39134316389753837 0.24645380608529427 0.04329394597234159
8 0.4665314051687009 0.4187699368863454 0.36954689451304695 0.053440918958512273
5 0.78941504463401 0.4231319509145311 0.13158180267345415 0.052286613505596505
2 0.5692463218587083 0.44147206519873894 0.24951198635263971 0.04834631116712626
7 0.5359205123615739 0.4700480823413702 0.1854421700318253 0.04122918701172023
9 0.7857983338001485 0.4761843161093158 0.11350035029917058 0.0449724223368886
4 0.460774361094869 0.5698397571460582 0.3815236224061089 0.05165037973765084
10 0.4945885345385343 0.5422550124709631 0.11043053397835616 0.038920057142103816
6 0.5905361722979234 0.545079326237854 0.09246544213876337 0.04160586597339602
1 0.6665187182177199 0.5452527413033096 0.0784421700318253 0.03936149506440097