0 0.48910157178868596 0.3722576076130067 0.29373307136855237 0.06640936366644178
0 0.19541504463401 0.4346669712794485 0.23857016661998517 0.05176938072564212
8 0.4504092266072754 0.432199777644832 0.35673307136855237 0.06714243503499415
5 0.7602350361044098 0.40059841909615024 0.12862834688733074 0.055489414844042816
2 0.551775411992381 0.4425187182177199 0.24163998294079966 0.05780428888604933
7 0.5229205123615739 0.47335034574158874 0.17952362240610886 0.04708285357096611
9 0.7631415973774865 0.45155769290900843 0.11154689451304693 0.04829160193506846
4 0.4622278168809927 0.5765426909229994 0.3687214353150832 0.06628206767662323
10 0.4920710804583307 0.5466994273456613 0.10746544213876337 0.041245057721192094
6 0.5841525328326143 0.5386289104265055 0.09151198635263973 0.045058880865686664
1 0.6567398032336325 0.5302852965499968 0.07746544213876337 0.040895976117119516