0 0.512 0.38397872886320916 0.303 0.04576280243271947
0 0.2035 0.4121839283665294 0.245 0.035425368303684084
8 0.466 0.4412111086919052 0.369 0.042146779200242464
5 0.789 0.4475902677208437 0.131 0.0477621357052351
2 0.5695 0.4653132540773391 0.249 0.040448639622927884
7 0.536 0.49261835677867205 0.185 0.03607629851502679
9 0.786 0.5005728142314109 0.113 0.041657414768637865
4 0.4645 0.5922023819471888 0.381 0.04121659315797387
10 0.498 0.5648972792458558 0.11 0.035639961279205185
6 0.594 0.5679557909077075 0.092 0.03953524034260772
1 0.67 0.56889794597334 0.078 0.03645379072525452