0 0.494716593157974 0.3867307563335242 0.2933665232780902 0.06640936366644178
0 0.20205984511682035 0.44232139266708237 0.23828507366073684 0.05176938072564212
8 0.4570627540317258 0.44578858630169893 0.3563665232780902 0.06714243503499415
5 0.766899854797019 0.4213957628771152 0.12831416280979147 0.055489414844042816
2 0.5586354769043628 0.4594696457288111 0.24131998063960258 0.05780428888604933
7 0.530307102883786 0.4886380182049422 0.17926180234149297 0.04708285357096622
9 0.7706965641173779 0.472436489064257 0.11127343800111475 0.04829160193506846
4 0.47190343043940886 0.5904514910502662 0.3683607054482792 0.06628206767662323
10 0.5012318044599857 0.5612947546276041 0.10723271319243827 0.041245057721192094
6 0.59269689748112 0.5563594535200255 0.09125598451168207 0.045058880865686664
1 0.6651474459277268 0.5487030673965341 0.07723271319243827 0.040895976117119516