0 0.16 0.36556914723024714 0.32 0.05086170553950569
3 0.5335 0.3053961877958553 0.366 0.050129325710809663
9 0.8905 0.4608192225533443 0.141 0.04982031400334472
7 0.5805 0.47412274979474045 0.247 0.04343700396330587
2 0.583 0.43210820522021304 0.247 0.04843700396330598
4 0.466 0.6197888913080949 0.44 0.05355984511682027
10 0.5275 0.578431094774721 0.133 0.04677377136485711
6 0.6475 0.5737329551974064 0.117 0.045680686087881894
1 0.7505 0.569133718726878 0.107 0.04862250778977227
8 0.478 0.3957190773503634 0.472 0.05274601567077093
5 0.881 0.3863744919365483 0.157 0.07091339928031994