0 0.499 0.38280639068107325 0.294 0.04642099971991093
0 0.2005 0.4183330287205515 0.237 0.03575774467217298
8 0.456 0.43930604038190263 0.358 0.04316570714193233
5 0.77 0.43645976117119517 0.127 0.046477778790573666
2 0.557 0.4594812817822801 0.241 0.04080428888604933
7 0.5265 0.4876263821514731 0.179 0.036082853570966106
9 0.7685 0.48844230709099157 0.11 0.04127996588159931
4 0.4595 0.5848467665690443 0.369 0.04129370373009215
10 0.491 0.5587133022533205 0.106 0.03523342166772295
6 0.585 0.5593070912794145 0.089 0.03903560875874859
1 0.658 0.5581565231826577 0.075 0.03587270401018122