0 0.1628707656479643 0.4065662383153417 0.3214247015761998 0.07486752336931658
3 0.5363646144544112 0.31739036996604436 0.3774421550656325 0.07819332183873018
9 0.9136587482236066 0.4516999570422197 0.14834906978865728 0.060861038812021435
7 0.5973536455222737 0.487041300177387 0.2553548876184682 0.062483546601793706
2 0.5966034788404025 0.44404420909229253 0.2563839767675231 0.0674893644316046
4 0.4907670448025936 0.6446667168820648 0.45348287987430935 0.08563547690436281
10 0.5514906978865732 0.5968118292635965 0.1393316162992244 0.057808678343722934
6 0.6729179750139362 0.5836049629415654 0.12231416280979147 0.05470977523693659
1 0.7778539788860157 0.5719940908114151 0.11232579846941348 0.05665159693882697
8 0.4859260350311683 0.4141870792864031 0.48649451553393125 0.08782746528812437
5 0.898216593157974 0.375787224489384 0.1654828798743092 0.08395994191880765