0 0.4840154433791672 0.3743536455222736 0.3049600285710519 0.056768620262530475
0 0.17712523506782807 0.42357338960012125 0.2467505677919134 0.044431186133494976
8 0.43996813948347413 0.43410347884040257 0.3699251184411955 0.05514677920024246
5 0.763782330652182 0.4179855467842466 0.13290766337626747 0.052767953535046104
2 0.5456801309121586 0.4512201688003638 0.24983784311655427 0.049448639622927885
7 0.513656478964312 0.4810369071613187 0.18573311272698514 0.04307629851502679
9 0.7633572122109865 0.47098845569915204 0.11478547792176982 0.04566323259844887
4 0.4473324246793132 0.5851616571385121 0.38190766337626725 0.05421659315797388
10 0.47885607662715984 0.5553420098626517 0.11168074753220049 0.03964577910901607
6 0.5749258968868727 0.5519005215245033 0.09373311272698516 0.04254105817241884
1 0.6500131722115138 0.5473368587603251 0.07968074753220049 0.03945960855506542