0 0.49887580285974137 0.3795 0.2969251184411955 0.053
0 0.20051177714579466 0.429 0.23973311272698516 0.042
8 0.4568546815614407 0.438 0.36090766337626734 0.052
5 0.7716601451976844 0.4205 0.12889020831133893 0.051
2 0.5585841280550534 0.4535 0.2428203880516262 0.047
7 0.5285692036396709 0.483 0.1806982025971288 0.04
9 0.771735026756489 0.4735 0.11176802285684152 0.044
4 0.4632975145494569 0.5845 0.3718727532464109 0.05
10 0.494294983899911 0.556 0.10866329246727219 0.038
6 0.5883648041596239 0.552 0.09171565766205686 0.041
1 0.6609520794842649 0.547 0.07766329246727219 0.038