0 0.153 0.3816098720389239 0.306 0.05078025592215227
3 0.526 0.3194398215194375 0.376 0.05218750400891918
9 0.892 0.47881049580862783 0.145 0.05184358532258852
7 0.574 0.4921605656885117 0.254 0.044477728771982694
2 0.576 0.4501489300288897 0.254 0.04947772877198258
4 0.4555 0.6423499785211099 0.452 0.05462965907455191
10 0.52 0.5994747284983032 0.137 0.04779704268410091
6 0.6415 0.5947678621762722 0.12 0.04669813957731458
1 0.7475 0.5901511722163109 0.109 0.04963414344939406
8 0.4685 0.41277434673356744 0.485 0.05382164745831335
5 0.8825 0.40336576519183187 0.161 0.07293667059956374