0 0.4966940173999715 0.38064926339263183 0.2991171241554059 0.06573371328366466
0 0.19975877636059272 0.4433829766762966 0.24289020831133906 0.05240791481425117
8 0.4587500488281286 0.4413761587552591 0.3641171241554059 0.06611187222137688
5 0.7737525794776744 0.4110406334499027 0.1309600285710519 0.055756317875424205
2 0.5624595096072672 0.4527740133698253 0.2459600285710519 0.05642536830368408
7 0.5335180716849702 0.48494563934924845 0.1828203880516262 0.048058845025593884
9 0.77767769791887 0.4640231799604699 0.1138203880516262 0.047657414768637975
4 0.4753246709050407 0.5887947091379058 0.3750996690904777 0.06517586834929716
10 0.5043010189571941 0.5586230831584826 0.10971565766205686 0.04163414344939406
6 0.5976788335026967 0.5510791160711583 0.09276802285684152 0.044535240342607724
1 0.6710479205157351 0.543151505580053 0.07869820259712879 0.04045379072525452