0 0.4965666636282787 0.37517033721198856 0.2936167108338615 0.056409363666441774
0 0.20200813306176266 0.4265913369318995 0.23747707819223246 0.04375774467217298
8 0.4558917725270718 0.433635779350752 0.3565934387269233 0.05514243503499415
5 0.7675954034627808 0.41251114869513206 0.12757016661998524 0.05047777879057366
2 0.5562114136983011 0.44796635597710893 0.2405352584595778 0.0487926528325803
7 0.5263739681476975 0.47730961955444695 0.1784538060852942 0.04107121751749707
9 0.7675019647358575 0.46350533066839755 0.11051198635263973 0.04527996588159931
4 0.4627103628007891 0.5780368728962647 0.3685701666199852 0.053282067676623225
10 0.49354199032465806 0.5491819732654576 0.106418897924887 0.03723342166772318
6 0.5855710804583307 0.5456114563463018 0.09047707819223251 0.04204724481221774
1 0.6581408967791452 0.5387678424697934 0.0764421700318253 0.038884340063650595