0 0.498783406842026 0.37225501247096304 0.2922501666818712 0.04809687895903949
0 0.2020623293092097 0.41543043922217954 0.23619198838376154 0.03711939532305928
8 0.45645469945770706 0.4294881251979481 0.35622107753281623 0.044214003114445406
5 0.7674896064365728 0.4180596000052725 0.12626180234149298 0.047199338180955466
2 0.5568412517763934 0.44723389117266227 0.24022107753281624 0.04218921558277225
7 0.5256812614565921 0.475274998185437 0.17719198838376155 0.03608954649229452
9 0.766692897116214 0.46906832753773653 0.10923271319243805 0.04190260207717574
4 0.4591111141351185 0.5744270324706994 0.3672094418731944 0.042406008828655785
10 0.4907711044549197 0.5463771979254606 0.10619198838376155 0.03485023688239107
6 0.5827681955400142 0.5452713319520646 0.08922107753281626 0.039553500778611354
1 0.6557885579443526 0.5404971122123046 0.07520362404338335 0.0363091298696163