0 0.49031249599108084 0.3702692436664758 0.2963083449799806 0.0564442718268491
0 0.19202160450053302 0.423736787600263 0.2392443488520601 0.04478101677911127
8 0.4489721529471399 0.42924632185870826 0.3603025271501697 0.05618897924887051
5 0.7635739649688317 0.40808678304268114 0.12829670932035878 0.05248941484404281
2 0.5508819765850701 0.44355944440486167 0.24227343800111498 0.04981592493951848
7 0.5212103506056469 0.4734027079821997 0.18023271319243828 0.04209448962443525
9 0.763771437818662 0.46008096501594664 0.11125598451168207 0.045291601935068454
4 0.4566198408798349 0.575647415404221 0.3712908914905478 0.05431697583703044
10 0.4872856490294472 0.5467925157734139 0.10822107753281625 0.03925669377466102
6 0.581308920348691 0.54169872674732 0.09123853102224916 0.04205888086568666
1 0.6543351005828404 0.5363492948440768 0.07722107753281625 0.038895976117119514