0 0.15434063324799263 0.39616732157861917 0.30868126649598526 0.07566535684276164
3 0.5210714748073244 0.3048736178485269 0.3742916748046882 0.07834024794396863
9 0.891215041042015 0.43553918793129287 0.14704730389569295 0.061698863806486315
7 0.5781302963669197 0.47267545464038185 0.2530473038956932 0.06293228547420926
2 0.5783634090939048 0.43068127266711637 0.2541520342852623 0.0689439215276784
4 0.46842476130304594 0.6289205123615739 0.44944877038904213 0.08821295195414995
10 0.5297189667572798 0.5827165311266942 0.1389949387009083 0.0586057753787336
6 0.6504371550688824 0.5688143866836696 0.12194257350612361 0.055407962469759243
1 0.7546378883155571 0.5561042371228848 0.11196002857105214 0.05629160193506846
8 0.46889578857421543 0.4014612385487157 0.48246622545397033 0.08959694171862975
5 0.8775241709116313 0.3607137287333292 0.1644313153241137 0.08389667671546079