0 0.5122979514165533 0.37550672656226347 0.2963374341290355 0.059722077624042864
0 0.210722319629011 0.39026080225026655 0.24027343800111486 0.04839627915462927
8 0.4639896064365728 0.4287859823931893 0.3603374341290353 0.06009441873194396
5 0.7783674320105426 0.4479562749176439 0.1293083449799806 0.053750500045613304
2 0.5643267072018661 0.4562012904971883 0.2432967093203588 0.052413732644062176
7 0.530175443626781 0.48239909671076076 0.1812501666818712 0.04405302719578299
9 0.773564904860373 0.4999824551517931 0.11126762017130386 0.04664577910901607
4 0.4541372943692678 0.575338342861488 0.3713316162992244 0.05915841485986448
10 0.4887798311996362 0.55063762773301 0.10822689536262738 0.03962832561958317
6 0.581736197476054 0.5575965695605912 0.09124434885206005 0.04252942251279683
1 0.6557129261568102 0.5611660501545805 0.07722689536262714 0.0394479728954434