0 0.4852179323233769 0.3708478276924626 0.3005119863526397 0.04574534894328667
0 0.181758308211348 0.4085850252597431 0.24239562581794888 0.03540791481425117
8 0.44154304122217 0.42859766101059155 0.3654538060852943 0.04112350788099866
5 0.7606186755697191 0.42395354872028634 0.12953525845957803 0.046750500045613305
2 0.5448219562062573 0.44819980639602547 0.2464421700318253 0.03943118613349497
7 0.5129786926289194 0.47751654475698035 0.18339562581794872 0.03506466285540478
9 0.7600019647358575 0.47695354872028634 0.11247707819223252 0.04165159693882697
4 0.4438092692552763 0.5776209323298354 0.3764421700318252 0.040187504008919406
10 0.47562926072567613 0.5503041939688805 0.10939562581794883 0.034634143449394285
6 0.5706408967791452 0.5498568878009212 0.09145380608529421 0.03952942251279683
1 0.6456641688860835 0.5482932250367428 0.07740726187141808 0.0354479728954434