0 0.48970204858344657 0.3813361920328407 0.3052967093203587 0.05277443809234137
0 0.1814667598398451 0.425041391536161 0.24723271319243822 0.04143700396330587
8 0.4475482094571984 0.44058893426587514 0.37227343800111484 0.049164232689675375
5 0.7719754865845614 0.42997682003953014 0.1322908914905479 0.0507679535350461
2 0.5531529303937956 0.4592027153109309 0.2512559845116821 0.04546027528254979
7 0.5213303742030299 0.48951654475698037 0.18622107753281625 0.039082116344837686
9 0.7732896493943531 0.4839826378693411 0.11425598451168208 0.04466323259844887
4 0.4544325195884637 0.5926238412447408 0.384261802341493 0.04723404664740701
10 0.4862608936090404 0.5633100117986914 0.11121525970300536 0.03764577910901608
6 0.5832463490345131 0.5613743412903541 0.09323271319243827 0.04054105817241884
1 0.6592259866301747 0.5583164963559867 0.07822107753281625 0.03845379072525452