0 0.1791249809547905 0.3534818797830828 0.32862834688733056 0.0559082481779933
3 0.5561711748694962 0.3122856490294472 0.36362834688733053 0.05611187222137687
9 0.9022133022533205 0.48578431557447854 0.1415934387269233 0.05182031400334472
7 0.5951551219859751 0.48257038932644186 0.24552362240610887 0.04642536830368408
2 0.5991780437937426 0.44154420909229253 0.2455934387269233 0.05242536830368408
4 0.4757492613112398 0.6202743467335674 0.436674891101207 0.060536573797576466
10 0.5388187273328836 0.5829049145405718 0.13257016661998522 0.04976795353504622
6 0.6568478174665563 0.584718410622879 0.11654689451304694 0.047674868258071004
1 0.7588652715467599 0.5856249919821617 0.10757016661998522 0.04962250778977204
8 0.4971835115213066 0.3996347188181045 0.4686632550477378 0.05972274435152713
5 0.8958464162698738 0.4113163136384388 0.156837795849774 0.07290758145050905