0 0.5192020485834467 0.3785 0.29828507366073675 0.049
0 0.21533876758400405 0.402 0.2422210775328163 0.038
8 0.4730249381379546 0.434 0.364267620171304 0.046
5 0.7915831164360642 0.444 0.12927925583092587 0.048
2 0.5751674749683231 0.4585 0.24524434885206006 0.042
7 0.5423245563732187 0.4855 0.18221525970300537 0.037
9 0.7883914614160449 0.497 0.11125016668187118 0.043
4 0.47038597694997597 0.582 0.3762559845116821 0.044
10 0.5032347133748911 0.556 0.10820944187319446 0.036
6 0.5982608936090406 0.5605 0.09122689536262715 0.039
1 0.6722696203537568 0.562 0.07721525970300536 0.037