0 0.16047897086817733 0.384 0.32095794173635467 0.066
3 0.5297168351629422 0.3065 0.3653839767675231 0.066
9 0.8904081568192194 0.4455 0.1423316162992246 0.057
7 0.5837539843292291 0.472 0.2473199806396026 0.055
2 0.5849954242663838 0.4305 0.24734906978865728 0.06
4 0.4758784009426803 0.6225 0.43942470157619984 0.073
10 0.5361343854543623 0.5785 0.13530834497998057 0.053
6 0.6546954726673773 0.568 0.11829670932035878 0.051
1 0.756747833135676 0.559 0.10830252715016968 0.052
8 0.4776786859054288 0.399 0.4714305194060107 0.074
5 0.8788415851401356 0.371 0.1594537907252545 0.078