0 0.1584113284022993 0.3915 0.3168226568045986 0.065
3 0.5233520972374419 0.3135 0.36276797952895956 0.066
9 0.8812521398854428 0.451 0.1416516189942688 0.056
7 0.5769379664417775 0.478 0.2456283468873305 0.054
2 0.57791504463401 0.437 0.245686527154676 0.059
4 0.46970419447488393 0.627 0.435837795849774 0.072
10 0.5292219988542581 0.5825 0.13361671083386137 0.053
6 0.6458383593889491 0.5725 0.11758180267345415 0.05
1 0.7474430838701708 0.5635 0.10760507478039244 0.052
8 0.47278158031828615 0.4055 0.4668494319032432 0.073
5 0.8691073898154206 0.3775 0.15789597611711953 0.077