0 0.5081067420753304 0.38141764165019415 0.2969251184411955 0.05472207762404287
0 0.21147949532174123 0.4296868372814349 0.23973311272698516 0.04339046132481826
8 0.4671278633736311 0.43967329279813394 0.36090766337626734 0.05409441873194396
5 0.7813223997373873 0.42400300027367943 0.12889020831133916 0.0517446822158023
2 0.5703984168800185 0.45577252926866235 0.2428203880516262 0.04840791481425117
7 0.5404220688278649 0.4855950854594282 0.1806982025971288 0.041047209365971865
9 0.7842300631136545 0.47601463593330134 0.11176802285684152 0.04464577910901608
4 0.47968503038561494 0.5862314710962435 0.3718727532464109 0.05215841485986448
10 0.5096875610351608 0.5579089149054777 0.10866329246727219 0.03862832561958317
6 0.6026177407754478 0.5544499730778967 0.09171565766205686 0.04152942251279683
1 0.6760391929832709 0.5503775835690017 0.07766329246727219 0.0384479728954434