0 0.16472241098778495 0.3801091413112737 0.3253490697886573 0.06378171737745254
3 0.534809345071207 0.3047979835009779 0.3643490697886573 0.06423552346274687
9 0.8936500214788902 0.44513227635904556 0.14130834497998057 0.05464068353914104
7 0.5887721959049201 0.4696812726671164 0.2462908914905479 0.05286246915339484
2 0.5890336648826711 0.42867545464038187 0.2463257984694135 0.05886246915339484
4 0.48013323471694164 0.6189554205219812 0.4373839767675231 0.07108495536599002
10 0.539880159120165 0.5747572573138361 0.13329670932035878 0.05254759511138809
6 0.6583336164816774 0.5653783849777495 0.11728507366073677 0.05036141825588288
1 0.7602958005879061 0.557691507523903 0.1072908914905479 0.051245057721192096
8 0.483344585413815 0.39740305828137024 0.4693781589377121 0.07045730907700068
5 0.881722410987785 0.37176609097394003 0.15743633723582162 0.07682686039464624