0 0.1671427853341648 0.39710914131127373 0.3258377958497741 0.07578171737745254
3 0.5356595388160271 0.30830961955444697 0.365837795849774 0.0762471595162159
9 0.9022013159006808 0.43656246003823107 0.143686527154676 0.060663955646079105
7 0.5960736696116916 0.4721289104265055 0.247686527154676 0.06187410520686387
2 0.595096591419459 0.4311347284532401 0.2487447074220215 0.0668857412603329
4 0.493848167765727 0.6258390599872903 0.4399425203309959 0.08610822747292832
10 0.5523245453596182 0.5801525328326143 0.13563998294079965 0.05657086721832638
6 0.6696790946912548 0.5662852965499969 0.11861671083386136 0.05437305430935203
1 0.7720510981030947 0.5540926010694156 0.1096283468873305 0.05526832982813039
8 0.48774750981538656 0.4023797861744321 0.4719541563844649 0.08748058118393896
5 0.8868402479439685 0.3627311828135328 0.16093088427752672 0.08186176855505346