0 0.49660157178868597 0.38382966278801145 0.2925003502991706 0.04639772761297274
0 0.1996594017568608 0.4183795729344278 0.2363839897644798 0.03574610861870394
8 0.45394413476768275 0.4398409485423099 0.3564421700318253 0.04214243503499415
5 0.7650139510884971 0.43745976117119517 0.12652362240610865 0.04646614273710475
2 0.5537288677785046 0.4595045538892183 0.2404421700318253 0.04079265283258041
7 0.5228972402546358 0.4876496542584113 0.1773839897644798 0.035059581464028045
9 0.7639205123615739 0.48845394314446067 0.1094654421387636 0.04126832982813028
4 0.4557569070146654 0.5848816747294516 0.367418897924887 0.04027043162315408
10 0.48757689848506525 0.5577482104137279 0.1063839897644798 0.03423342166772295
6 0.5795827165117998 0.5583187273328836 0.0894421700318253 0.03903560875874837
1 0.6526118066454726 0.5566681592361267 0.07540726187141808 0.03587270401018122