0 0.503210775328163 0.37708526726471137 0.29225016668187104 0.04469880630479895
0 0.20693185286097934 0.41681025380365966 0.23619198838376154 0.034373007835385466
8 0.461539482712482 0.4338296161167715 0.35622107753281623 0.04007114741270015
5 0.7725045757336163 0.4260202710455644 0.12626180234149298 0.0457330465561804
2 0.5616529303937957 0.45274783313567596 0.24022107753281624 0.039396279154629385
7 0.5313129207135969 0.48042527694491016 0.17719198838376155 0.03402975587653918
9 0.772301285053975 0.47702317996046983 0.10923271319243827 0.04063414344939417
4 0.46588306803507057 0.5788092537124331 0.3672094418731945 0.038135143540620677
10 0.49722307771526925 0.5511259920733881 0.10619198838376155 0.03361668995996115
6 0.5892201688003638 0.5500907517307801 0.08922107753281626 0.038517786853175036
1 0.6622056242258364 0.5471660501545805 0.07520362404338357 0.03543633723582161