0 0.17393442841214266 0.3294977288323465 0.3243781589377121 0.07065544103674255
3 0.5552831648370579 0.29683862156223156 0.3713956124271449 0.07447582908836875
9 0.9008914614160449 0.4813253516944606 0.14533161629922461 0.05953098441459156
7 0.5892983761390695 0.4707626044196004 0.2513199806396026 0.05938122129698263
2 0.5950569362019149 0.42915787403003103 0.2513490697886573 0.06438122129698264
4 0.461586692078454 0.6085055802628764 0.4464305194060107 0.08178495895798506
10 0.526880159120165 0.5718622735100781 0.13731416280979147 0.05639134389516585
6 0.6479179750139362 0.5762502106537638 0.12029670932035878 0.053094607791385896
1 0.7514470641629911 0.5794436114336932 0.11030834497998057 0.054920057142103816
8 0.4917805892858945 0.3834557457176375 0.47843633723582163 0.08334352103568801
5 0.8989463974355067 0.4048515342918529 0.16145960855506541 0.08181026545344298