0 0.5003939456084341 0.36492345948000504 0.3043490697886573 0.06176862026253047
0 0.19081540490598628 0.3766228411535144 0.24627343800111487 0.04843118613349497
8 0.45107687388373713 0.41913838581926827 0.3693490697886573 0.06214677920024246
5 0.7744517905428016 0.4425204537631123 0.13331416280979147 0.05477377136485711
2 0.5534052479043139 0.4492347133748912 0.2503025271501697 0.05345445745273878
7 0.5192568932441345 0.4745369071613187 0.18626180234149298 0.046082116344837686
9 0.7681376277330101 0.49648554678424656 0.11427343800111475 0.047663232598448874
4 0.4406983815822828 0.570083116436064 0.38133743412903537 0.060216593157973876
10 0.4758496451573677 0.5442867404794477 0.11123853102224916 0.041645779109016075
6 0.57130310251888 0.5528423432263938 0.09325016668187118 0.043541058172418844
1 0.6472798311996362 0.5572844982920264 0.07923271319243827 0.04045960855506542