0 0.5092921335867424 0.37354815865056323 0.2933374341290354 0.06140936366644178
0 0.210722319629011 0.38902152061108497 0.23726180234149297 0.04775774467217309
8 0.4619837886067618 0.4270950531636101 0.3563316162992245 0.06114243503499415
5 0.7723645230956372 0.4439820585614594 0.12830252715016968 0.053489414844042814
2 0.5603267072018661 0.45294890189690534 0.2412967093203588 0.05380428888604934
7 0.5271783525416867 0.47883289166138515 0.17924434885206006 0.044082853570966106
9 0.7675678137752785 0.4950344208020703 0.11026180234149296 0.04627996588159931
4 0.4521431121990788 0.571699777644832 0.3683257984694135 0.06028206767662323
10 0.4862856490294472 0.546804151826883 0.10722107753281625 0.0392450577211921
6 0.5777420153058649 0.5532394529344618 0.09024434885206029 0.04304724481221774
1 0.6507187439866211 0.5563900210312186 0.07622689536262715 0.039884340063650596