0 0.4845259374411369 0.3930355267498984 0.3005701666199851 0.05423651947846531
0 0.1814964970082936 0.43325536960911254 0.2434421700318252 0.04224158077755692
8 0.4418452283131955 0.45080241402291327 0.3655352584595779 0.05237109869879941
5 0.7614906789815591 0.4438793072674788 0.1295585305665161 0.050251703375740135
2 0.5451357793507521 0.47060901324298376 0.2465003502991708 0.047293945972341586
7 0.5137925157734139 0.499567906230209 0.18343053397835615 0.04019427688186374
9 0.7608739681476975 0.4968793072674788 0.1125003502991708 0.04495496727196041
4 0.4461172743730364 0.5994071444124826 0.3775119863526397 0.050580559477938096
10 0.47844308387017076 0.5719657064901855 0.109418897924887 0.037902602077175745
6 0.5734721740038435 0.5711239376583662 0.09146544213876337 0.041588410908467724
1 0.6475129001909853 0.5689156124630542 0.07743053397835616 0.0383440399994729