0 0.5254735752005261 0.39516710833861485 0.30670979926161407 0.06456063236153989
0 0.21332230650542794 0.40453665965626046 0.24855853056651608 0.050885741260332906
8 0.47583941028646093 0.44909694171862974 0.37269816320814503 0.06432861189049958
5 0.7995892351368756 0.47436702304261313 0.13462834688733075 0.05555923116485735
2 0.578496146709123 0.47979545522594547 0.25260507478039246 0.054932285474209266
7 0.5431877912921922 0.5058881933545275 0.18752362240610887 0.04717594199871883
9 0.7944608882495451 0.5283146608020022 0.11655853056651608 0.04934978220241373
4 0.46457654818589456 0.6004863992106734 0.384686527154676 0.06346824453212843
10 0.49937326754935624 0.5753878430553568 0.11247707819223252 0.042303237988537606
6 0.5962801791216036 0.5845165402418582 0.09450035029917057 0.04409378902609387
1 0.6717336349077273 0.589395062278774 0.07946544213876336 0.04091924822405781