0 0.499 0.38580639068107325 0.3 0.04749081604072535
0 0.1935 0.41075157634626785 0.242 0.036815924939518484
8 0.453 0.44127113222149533 0.365 0.043247159516215904
5 0.773 0.4499946693316024 0.129 0.04750105089751196
2 0.5555 0.4654638277020765 0.246 0.040862469153394844
7 0.523 0.4935856559643313 0.183 0.03612939778484247
9 0.77 0.5024597611711952 0.112 0.042303237988537606
4 0.4515 0.5902536781412916 0.376 0.04237515610437595
10 0.485 0.5641434859325061 0.109 0.03526832982813039
6 0.58 0.5682489110120691 0.091 0.04005888086568666
1 0.655 0.5691216150222504 0.077 0.03589597611711952