0 0.5094217003182522 0.3829380040545325 0.2894421700318252 0.03968135281536615
0 0.21480569008273198 0.4142217442603006 0.23433744555060343 0.030361372175763564
8 0.46606168325905184 0.4376820195428504 0.35337235371101067 0.03405369392326724
5 0.7760500472055828 0.4384855467842466 0.12450035029917081 0.043721410896558385
2 0.5663060403819026 0.459263802523946 0.2383839897644798 0.03438464349500737
7 0.535631849879037 0.48708344979980633 0.1763490816040726 0.031023938046728063
9 0.7756551219859752 0.4904797289544356 0.1074421700318253 0.03862250778977227
4 0.4687489110120691 0.5826878373726613 0.3653490816040726 0.03212350788099866
10 0.5004347375684038 0.555874007926612 0.10436071765754161 0.03160505430033936
6 0.5924463736218729 0.5574092482692199 0.08740726187141785 0.03550615119355325
1 0.6654347375684039 0.5568339498454196 0.0743839897644798 0.03343051940601072