0 0.16879472441801863 0.3534636906429101 0.32492511844119554 0.05677008132398351
3 0.5419580168852909 0.31112926072567615 0.3589251184411955 0.05716570714193233
9 0.8789382906527092 0.4801730025461874 0.13989020831133916 0.05261741143220274
7 0.5760342935098145 0.47819872674732 0.24278547792176983 0.04781592493951848
2 0.5822324961069432 0.43813472845324003 0.24287275324641086 0.052815924939518484
4 0.45416040467957686 0.6155892351368757 0.4319949387009084 0.0620151390451756
10 0.5178062420819209 0.5778561637683233 0.1318378431165545 0.049524323004450026
6 0.6347713319520645 0.5784947455124404 0.11480293298669812 0.04732651009547567
1 0.7347451493546721 0.5788311401655319 0.10585529818148279 0.050221785614253805
8 0.4814568813014642 0.39781578788035216 0.4629949387009084 0.0623758567027171
5 0.8747125103924691 0.4072370008402673 0.15523930960990356 0.07279195223423904