0 0.1588459289115368 0.35889667671546077 0.3146981632081451 0.0636537207892926
3 0.5367299186760166 0.3302892869000402 0.3737097992616141 0.0653402479439685
9 0.8840714307575014 0.5198560875874854 0.14463998294079966 0.05667559169954825
7 0.5701936093189267 0.5057023667981928 0.2525934387269233 0.053932285474209266
2 0.5761823235646283 0.46376636509227276 0.25266325504773796 0.05993228547420938
4 0.4410820159134585 0.6427187699808844 0.4487796155824286 0.07221295195414995
10 0.5080183679185492 0.6059925675365787 0.13760507478039244 0.053594139325264675
6 0.6294660056779382 0.6119063480330724 0.12058180267345416 0.05139632641629009
1 0.733431097517531 0.6161164975938572 0.10960507478039244 0.053268329828130394
8 0.4727117639974716 0.417056215531488 0.4817796155824287 0.07259694171862975
5 0.8809615888478863 0.443309543373609 0.16188434006365038 0.0778734046085226