0 0.5035 0.365429277309816 0.304 0.06176862026253047
0 0.1985 0.42015483921747465 0.246 0.04843118613349497
8 0.4625 0.42619074628756687 0.369 0.06214677920024246
5 0.7845 0.4045640874866945 0.133 0.05477377136485711
2 0.568 0.4413045273326227 0.25 0.05345445745273878
7 0.538 0.47262999243829396 0.186 0.046082116344837686
9 0.7875 0.45858154097612736 0.114 0.047663232598448985
4 0.474 0.5767576513303928 0.381 0.060216593157973876
10 0.505 0.5469380040545325 0.111 0.041645779109016075
6 0.601 0.5424965157163841 0.093 0.043541058172418844
1 0.6765 0.5359357618671113 0.079 0.04045960855506542