0 0.174 0.3419876976128937 0.33 0.06791988383761531
3 0.556 0.31426528662510883 0.367 0.06913514354062067
9 0.8975 0.5002784977446676 0.143 0.05783194966296674
7 0.589 0.48657329824134726 0.248 0.05644282179311699
2 0.595 0.44503839126248157 0.248 0.06144282179311699
4 0.461 0.6218179804571495 0.441 0.07656566294663139
10 0.527 0.5859340036896264 0.135 0.0537854070244789
6 0.6455 0.5917445908570284 0.119 0.05169232174750368
1 0.7485 0.5961453543865 0.109 0.05363414344939429
8 0.493 0.399631809903199 0.473 0.07775183350058182
5 0.895 0.42529304231919496 0.16 0.07893085276975284