0 0.514101571788686 0.3870504511652808 0.30363998294079964 0.060288884673249866
0 0.20539794085297702 0.39916556363492567 0.24450035029917064 0.04725903584248499
8 0.46546740687462085 0.44071260804872636 0.3686167108338615 0.059423463893584084
5 0.7867870480458501 0.46182441142314834 0.13160507478039243 0.05428661350559651
2 0.567647415404221 0.4700017522038687 0.24855853056651608 0.05232885610219796
7 0.5333448780140249 0.49540827999630926 0.18447707819223252 0.044211731946792045
9 0.7816587011585195 0.5157458636309714 0.11452362240610864 0.04698987740181679
4 0.4567278168809927 0.5900904225942288 0.3805934387269233 0.05763292467272277
10 0.4915187182177198 0.5656926223342523 0.11044217003182519 0.03992005714210382
6 0.5874489018969052 0.5733683085673613 0.09348871424570143 0.04362332103832432
1 0.662413993736498 0.5776774384369776 0.07845380608529422 0.04036149506440097