0 0.16096442629364996 0.386 0.3219288525872999 0.06
3 0.5306673836095491 0.315 0.3643490697886573 0.06
9 0.8878267072018661 0.4595 0.14130834497998057 0.053
7 0.5812045327758361 0.4805 0.2462908914905479 0.05
2 0.5834430637980852 0.4395 0.2463257984694135 0.056
4 0.4718434939638146 0.6285 0.4373839767675231 0.066
10 0.5320936606456856 0.5855 0.13329670932035878 0.051
6 0.6496431121990788 0.577 0.117285073660737 0.049
1 0.7516867459226609 0.5695 0.1072908914905479 0.05
8 0.4776379610967521 0.406 0.4693781589377121 0.065
5 0.8762601355227823 0.385 0.15743633723582162 0.075