0 0.5035782996817478 0.3770445424560347 0.2945585305665161 0.04971044196442085
0 0.2042990343984898 0.40278407356951035 0.2384305339783561 0.038384643495007364
8 0.45744413476768275 0.4318092537124331 0.35852362240610886 0.04708278307232194
5 0.770827774232992 0.43998536406669864 0.12754689451304693 0.04773886438599129
2 0.5581590514576901 0.45572165290152666 0.24148871424570165 0.04340209698444028
7 0.5248448780140249 0.4829136412852882 0.17943053397835615 0.03804139153616097
9 0.7667226994525995 0.492005726471037 0.11048871424570143 0.042639961279205066
4 0.4512336349077273 0.5788354339465825 0.3705119863526397 0.04615259703005358
10 0.4855303542711889 0.55313762773301 0.106418897924887 0.03661668995996115
6 0.5784838100573126 0.5565965695605911 0.08945380608529421 0.03951778685317504
1 0.651466355977109 0.5576718679843914 0.07543053397835615 0.03743633723582161