0 0.16797406255886305 0.3825975052578046 0.3277796155824287 0.07080498948439072
3 0.5430489963080709 0.2987223491534288 0.37379125163589766 0.07234024794396851
9 0.9146954978739463 0.4359170093698675 0.14567489110120688 0.05968722775301728
7 0.6020154893443462 0.46705909410569096 0.25263998294079965 0.05793228547420927
2 0.6015151390451755 0.424059094105691 0.2527097992616141 0.06393228547420926
4 0.49529580552511604 0.6213216059070866 0.4488727040101815 0.08021295195414996
10 0.5547721831190073 0.5756234426989415 0.1386283468873305 0.055605775378733596
6 0.6761500045575819 0.5637096622024478 0.12160507478039244 0.05340796246975924
1 0.7795394620496257 0.5530053306683975 0.11061671083386136 0.05427996588159931
8 0.4926486033608994 0.3938216059070867 0.48187270401018134 0.08059694171862974
5 0.9013169758370304 0.36056246003823106 0.16291924822405782 0.08088504066199176