0 0.16539829115214766 0.3525 0.3266981632081451 0.06
3 0.5437764628898929 0.32 0.3656981632081452 0.06
9 0.8846528831317849 0.5025 0.1416283468873305 0.054
7 0.5767808797199449 0.4915 0.2475934387269233 0.051
2 0.5822579579121773 0.4505 0.24765161899426857 0.056
4 0.4506925584214148 0.628 0.4397679795289596 0.066
10 0.5156172743730365 0.5915 0.1345934387269233 0.051
6 0.6340707301591602 0.5955 0.11757016661998523 0.049
1 0.7370300039720182 0.599 0.10758180267345414 0.05
8 0.48127576229155167 0.406 0.47175634347549056 0.065
5 0.8815314051687008 0.427 0.15887270401018122 0.075