0 0.16328058928589448 0.3938734046085226 0.32238397676752306 0.06974680921704521
3 0.5308297074755455 0.32065547228514585 0.3643839767675231 0.07023552346274686
9 0.8921325679894574 0.4628502695607508 0.1423257984694137 0.057652319592609955
7 0.5862867404794476 0.4857896371992109 0.24631416280979146 0.05686246915339484
2 0.5875482094571984 0.44480709127941453 0.24634906978865728 0.06286246915339484
4 0.48165941495109094 0.6345620335582225 0.4374247015761997 0.07808495536599003
10 0.5404005215245034 0.5907485607128986 0.13430834497998057 0.05455923116485747
6 0.6578423432263938 0.5821157969955159 0.11829670932035878 0.052373054309352025
1 0.7592899827580952 0.5742968564226281 0.10830252715016968 0.05325669377466102
8 0.4808649478181533 0.412067851584957 0.4694247015761997 0.07845730907700067
5 0.8787020485834467 0.3886990008656527 0.15845379072525453 0.07983849644811539