0 0.17858425476764872 0.3530304913303553 0.3296981632081451 0.06382826159132879
3 0.5562060830299034 0.3249289195416693 0.3646981632081452 0.06423552346274687
9 0.8993005726543388 0.5088968137746271 0.14161671083386135 0.05464068353914081
7 0.5931842121196479 0.4953361814130873 0.24658180267345414 0.05286246915339484
2 0.5982129519541499 0.45490017970716723 0.24665161899426857 0.05886246915339484
4 0.47076671539144344 0.6298933107829207 0.43776797952895957 0.07108495536599002
10 0.5343361814130873 0.5936380182049422 0.1335934387269233 0.05254759511138809
6 0.6533885436536983 0.5995227085677631 0.11757016661998523 0.05036141825588311
1 0.7554234518141054 0.6037095860216098 0.10758180267345414 0.051245057721192096
8 0.4956951475747757 0.40921330225332053 0.46975634347549045 0.07045730907700068
5 0.8944395046976265 0.4348502695607508 0.15787270401018122 0.07682686039464624