0 0.18001443844683418 0.3429520545894411 0.3287563434754905 0.06881662553785975
3 0.556211901056638 0.3125710804583307 0.36276797952895956 0.07021225135580858
9 0.8953762070018877 0.4946497304392492 0.14165161899426856 0.057640683539141035
7 0.5907016661998515 0.48319290872058546 0.2456283468873305 0.056850833099925696
2 0.596224588007619 0.44212309239977093 0.245686527154676 0.061850833099925694
4 0.4667434432845052 0.6171532334309556 0.4358377958497741 0.07706168325905173
10 0.5308303633863527 0.5809027079821997 0.1336167108338616 0.05454759511138809
6 0.6479001797071672 0.5855412897263168 0.11758180267345415 0.05136141825588311
1 0.7494583599745126 0.5893602302992047 0.10760507478039244 0.0532450577211921
8 0.49518932954804107 0.39729251577341396 0.4668494319032432 0.07842240091659346
5 0.8920151390451755 0.42067882057292194 0.15789597611711953 0.07882686039464624