0 0.5048124959910808 0.376 0.29425016668187104 0.043
0 0.20608560062845355 0.415 0.2371919883837615 0.033
8 0.4614837886067618 0.4325 0.35822689536262725 0.039
5 0.7745216045005331 0.426 0.12726180234149298 0.045
2 0.5623703409254482 0.452 0.24122107753281624 0.038
7 0.5307045327758361 0.4805 0.17919780621357245 0.034
9 0.7737190773503634 0.478 0.11023271319243827 0.04
4 0.46413438545436236 0.5785 0.36921525970300534 0.037
10 0.49579437577416363 0.551 0.10619780621357244 0.034
6 0.5887914668592582 0.5515 0.08922107753281626 0.038
1 0.6618118292635966 0.548 0.07520362404338357 0.035