0 0.17045503282144922 0.3515 0.3293490697886573 0.06
3 0.5486412033753998 0.3195 0.3643490697886573 0.06
9 0.8885881761796167 0.5005 0.14130834497998057 0.053
7 0.5816521723075373 0.4895 0.2462908914905479 0.05
2 0.5873907033297866 0.4485 0.2463257984694135 0.056
4 0.4578638563681529 0.625 0.4373839767675231 0.066
10 0.5220762071562527 0.5885 0.13329670932035878 0.051
6 0.640052935837009 0.5925 0.11728507366073677 0.049
1 0.7420325734326707 0.596 0.1072908914905479 0.05
8 0.4866466878414686 0.4045 0.4693781589377121 0.065
5 0.885027422330344 0.425 0.15743633723582162 0.075