0 0.5018635200509067 0.36631610519821173 0.2955585305665161 0.05314924415382415
0 0.20386968837681196 0.41502644207928474 0.2394421700318252 0.04217176051784395
8 0.4605325931253791 0.4245492179251969 0.360535258459578 0.05228382337415837
5 0.7753929604837502 0.40705087247280836 0.1275585305665161 0.05021679324588365
2 0.563736224061088 0.4402513462375905 0.24248871424570143 0.04622412571262862
7 0.5330736696116916 0.4697924532503652 0.18043053397835615 0.04014191168707919
9 0.7764980352641426 0.45904214494034423 0.11048871424570143 0.04392005714210393
4 0.46824309298533456 0.5714444875356276 0.3715119863526397 0.05047582908836876
10 0.4994172834882002 0.5428946529903887 0.10741889792488712 0.03786769194731914
6 0.5933881933545274 0.5387538768871364 0.09045380608529421 0.040570955843539654
1 0.6668474671673857 0.5339709296149123 0.07643053397835615 0.0383265849345446