0 0.5090724816550133 0.386475113456375 0.29868652715467603 0.062467543933787284
0 0.2049212129599152 0.39593775320177327 0.24254689451304692 0.04981592493951848
8 0.4604441347676827 0.4399165828898589 0.3626748911012069 0.06221225135580857
5 0.776699777644832 0.46459939381282417 0.13061671083386137 0.05451268695098099
2 0.5606183252705483 0.4690860062635019 0.2455934387269233 0.05385083309992569
7 0.5263216059070867 0.494190380445553 0.18250035029917058 0.04511776173137332
9 0.7710947028644396 0.5165412135454788 0.11253525845957801 0.047303237988537604
4 0.4492278168809927 0.5873060403819026 0.37466325504773784 0.061351883997437656
10 0.4845129001909853 0.5632133022533206 0.10945380608529422 0.04026832982813039
6 0.5779256297899672 0.5718012732526799 0.09148871424570165 0.04305888086568666
1 0.6518790855760908 0.5766623412093923 0.07745380608529422 0.039895976117119515