0 0.17404955984724574 0.3374287824825029 0.33183779584977413 0.07585153369826708
3 0.5552706448631584 0.3139954461107817 0.365837795849774 0.0762471595162159
9 0.889524886543625 0.5030799141184347 0.143686527154676 0.060663955646079105
7 0.5822692436664757 0.4856580005601782 0.247686527154676 0.06187410520686387
2 0.5892521398854428 0.44408236621262914 0.2487447074220213 0.06688574126033302
4 0.45173910263529116 0.6186590514576901 0.4399425203309959 0.08610822747292832
10 0.5176405464799746 0.5833968899554651 0.13563998294079965 0.05657086721832638
6 0.6360416400254874 0.5905180176193785 0.11861671083386159 0.05437305430935203
1 0.7389601876512037 0.5963195041120628 0.1096283468873305 0.05526832982813039
8 0.48979903439848976 0.3982459715595376 0.47195415638446503 0.08748058118393885
5 0.8888917725270719 0.4285973681986383 0.16093088427752672 0.08186176855505357