0 0.5102863157569315 0.3894457207757115 0.2933083449799807 0.05811433402396778
0 0.21268450373523978 0.40175283895956676 0.23723853102224915 0.04513685038798758
8 0.4639750618620454 0.4421427877890135 0.3562967093203587 0.057214003114445404
5 0.7743848854999755 0.4630625854492251 0.12728507366073677 0.05121679324588365
2 0.562320889372055 0.4703621116844429 0.24026762017130385 0.05018921558277225
7 0.5301754436267812 0.49480354960674006 0.17822689536262715 0.042107001557222704
9 0.7705881761796168 0.5140014927219764 0.11025598451168207 0.045920057142103815
4 0.4566314765394569 0.5870293298669801 0.36828507366073676 0.05542346389358409
10 0.4897798311996362 0.5621053470096112 0.10620944187319446 0.03785023688239107
6 0.5817449242207705 0.5697112129830073 0.09023853102224916 0.04257095584353965
1 0.6547274707313376 0.5739854327227673 0.07622107753281625 0.03932658493454437