0 0.4979583740234405 0.3614208355877811 0.29885529818148265 0.05420160934860883
0 0.19626130701013852 0.4127009927285669 0.2426632924672723 0.04222412571262862
8 0.4559882228542053 0.42117140337969444 0.36480293298669814 0.05235364363387123
5 0.7747700345426026 0.40310323766759304 0.1298378431165545 0.050251703375740135
2 0.5598024140229132 0.43736480415962387 0.24573311272698514 0.04627649090741329
7 0.5293086109058315 0.46690591117239866 0.1826458374023441 0.04017682181693567
9 0.7751951529837982 0.4561119652000571 0.11175056779191346 0.04493751220703211
4 0.4645802999960457 0.5695666729901251 0.3767680228568415 0.0505631044130098
10 0.4960915581780556 0.5410081109124222 0.10862838233741581 0.03788514701224745
6 0.590047920515735 0.5368673348091697 0.09168074753220049 0.04058841090846772
1 0.6649868277884863 0.5320582049395535 0.07764583740234411 0.0383440399994729