0 0.4827688622674986 0.3750342935098145 0.3032908914905478 0.05528888467324987
0 0.17600415101110015 0.42588427091031317 0.24622689536262726 0.04329394597234159
8 0.4394227013937468 0.4352848613017278 0.3692734380011149 0.053440918958512384
5 0.7619954242663837 0.41715560286237763 0.1312908914905479 0.052286613505596505
2 0.5438150715422442 0.4519608070167291 0.24925598451168207 0.04834631116712626
7 0.5116463544777264 0.48151936909443205 0.18522107753281625 0.04122918701172034
9 0.7616783525416868 0.4716556028623776 0.11325016668187118 0.0449724223368886
4 0.44454420909229253 0.5861801309121586 0.3812618023414931 0.05165037973765084
10 0.47671583507171567 0.5561215688344555 0.11021525970300536 0.038920057142103816
6 0.5727274707313377 0.5524458826013466 0.09223271319243805 0.04160586597339602
1 0.6487507420505815 0.5471192976668021 0.07822107753281625 0.03936149506440097