0 0.1794809710506303 0.3425653994907625 0.3314188837463888 0.07585153369826708
3 0.5628646144544112 0.3270278259961565 0.36943051940601074 0.07829370373009226
9 0.903002000182453 0.5264724481221763 0.1453432519588464 0.060687227753017395
7 0.5928798257564228 0.5018652715467599 0.2503432519588464 0.0619090133672712
2 0.6001383858192683 0.46045254194777807 0.2513723411079011 0.06692064942074034
4 0.46315359712127996 0.6333467665690443 0.4444712442146874 0.08616640774027337
10 0.5294528819928019 0.5996205641247385 0.1363199806396026 0.05658250327179553
6 0.6490023335461952 0.6095110725142943 0.11930834497998058 0.054384690362820946
1 0.7530430583548718 0.617721222075079 0.11031998063960237 0.05627996588159931
8 0.4973562210734369 0.4107598464671969 0.4764828798743092 0.08853876145128424
5 0.9020627540317259 0.45096663009544163 0.16147124421468742 0.0828734046085226