0 0.18 0.34240551037556477 0.328 0.06881662553785975
3 0.557 0.31201871821771987 0.362 0.07021225135580858
9 0.8925 0.4941148222788419 0.141 0.057640683539140924
7 0.589 0.4811463645067091 0.245 0.056850833099925696
2 0.595 0.4405765481858946 0.245 0.061850833099925694
4 0.4635 0.6151066892170793 0.435 0.07706168325905173
10 0.527 0.5798677998217925 0.133 0.05454759511138809
6 0.645 0.5849947455124405 0.117 0.05136141825588288
1 0.747 0.5888078680585938 0.107 0.0532450577211921
8 0.494 0.3967517895862722 0.466 0.07842240091659346
5 0.891 0.4196322763590456 0.157 0.07882686039464624