0 0.16335770202417219 0.37264986749841555 0.31857016661998516 0.05270026500316885
3 0.5366711748694962 0.3092979835009779 0.3665585305665161 0.052258795569684935
9 0.8940154893443462 0.4636613664927183 0.14157016661998523 0.050640683539140925
7 0.5851376679057715 0.47775690701466544 0.24748871424570143 0.04487410520686387
2 0.587160589713539 0.4367278168809927 0.24754689451304693 0.049874105206863986
4 0.47183653171225787 0.6250950531636101 0.4405934387269233 0.05611986352639724
10 0.5333478174665564 0.5823736178485269 0.133535258459578 0.04754759511138832
6 0.65330127325268 0.5769772914322369 0.11752362240610864 0.04636141825588311
1 0.7552547290388036 0.5717904139783901 0.10755853056651586 0.049245057721192094
8 0.4812300557351829 0.4009554205219812 0.4725818026734543 0.05549221723740789
5 0.8851486033608993 0.38925445492047095 0.15781452374283594 0.07182686039464625