0 0.5005782996817478 0.3770619959454676 0.2925003502991706 0.04469880630479895
0 0.20463612964992262 0.41678116465460485 0.2363839897644798 0.034373007835385466
8 0.45792086266074455 0.43380634479752767 0.3564421700318253 0.04007114741270015
5 0.7699964970082935 0.4254911818965096 0.12652362240610865 0.0457330465561804
2 0.5576939596180973 0.4527245618164321 0.2404421700318253 0.03939627915462927
7 0.5268739681476976 0.48040200562566626 0.1773839897644798 0.03402975587653907
9 0.7679030582813703 0.47649990864122604 0.10946544213876336 0.04063414344939406
4 0.4597336349077273 0.5787859823931893 0.367418897924887 0.038135143540620677
10 0.4915536263781271 0.5511027207541442 0.1063839897644798 0.03361668995996115
6 0.5835594444048615 0.5500674804115364 0.0894421700318253 0.038517786853175036
1 0.6565885345385343 0.5471427788353366 0.07540726187141808 0.03543633723582161