0 0.17797830414069304 0.34959448962443523 0.33138397676752307 0.06985153369826708
3 0.5586266588008724 0.32852200796942194 0.3653839767675231 0.0702471595162159
9 0.8975329067964128 0.5204782661489107 0.1423316162992246 0.058652319592609956
7 0.5896289009882935 0.5003943616804327 0.2473199806396026 0.057874105206863986
2 0.5958645230956372 0.4599641780012472 0.24734906978865728 0.06287410520686398
4 0.46234640287872003 0.6334224009165934 0.43942470157619984 0.07810822747292809
10 0.528052935837009 0.5986845624188185 0.13530834497998057 0.05457086721832639
6 0.6460180288581432 0.6060576167281705 0.11829670932035878 0.052373054309352025
1 0.7489860307941829 0.6127561302354861 0.10830252715016968 0.05325669377466102
8 0.4951350521818466 0.4122889366008696 0.4714305194060107 0.07948058118393897
5 0.8949721529471398 0.44494335798850354 0.1594537907252545 0.07985013250158454