0 0.16247606195327186 0.38040249474219534 0.3249521239065437 0.056804989484390715
3 0.5336761103542655 0.31973110663269483 0.36131416280979145 0.05820061530233954
9 0.8863034358826222 0.4738444515340162 0.1402967093203588 0.05262904748567189
7 0.5817132595205523 0.48580127325268 0.24426180234149297 0.04783919704645666
2 0.5834517905428015 0.44481872733288363 0.2442908914905479 0.05283919704645666
4 0.4698696741979639 0.6295096713176116 0.4343316162992245 0.06205004720558281
10 0.530608205220213 0.5892136525524913 0.131285073660737 0.05052432300445003
6 0.6486431121990788 0.5845867068618431 0.11526762017130386 0.04733814614894481
1 0.7491780191779445 0.5797561302354862 0.10628507366073676 0.050233421667722954
8 0.47915250567127954 0.4091027597453642 0.46533161629922437 0.062410764863124316
5 0.8762339552886328 0.3997222729725909 0.15541306591657802 0.07280358828770818