0 0.48766132377476995 0.37714930395924057 0.3033199806396026 0.05852572420113256
0 0.18395803309512865 0.42461194370463884 0.24425016668187108 0.04583919704645666
8 0.4460133024783327 0.43716058971353905 0.36830834497998066 0.05728206767662323
5 0.7674085815417355 0.42290158090384977 0.13130252715016968 0.05352432300445002
2 0.5511034788404026 0.45388237532779296 0.2482792558309259 0.05088574126033302
7 0.5207809226496366 0.4840274756969859 0.18423853102224916 0.04314103383831162
9 0.7692169265217161 0.47591903498405336 0.11426180234149297 0.04632651009547567
4 0.45538306803507056 0.5867594961680264 0.3802967093203588 0.05542170031825208
10 0.48671144205564737 0.5576260318523024 0.11022107753281625 0.03927996588159931
6 0.5826939885662146 0.5557430929853345 0.09324434885206029 0.04308215297262495
1 0.6576590815873488 0.5506157969955159 0.07822689536262714 0.03990761217058866