0 0.4975782996817478 0.38 0.2945003502991706 0.043
0 0.19962449359645354 0.419 0.2373839897644798 0.033
8 0.45392086266074455 0.4365 0.3584538060852942 0.039
5 0.7679964970082935 0.43 0.12752362240610865 0.045
2 0.5556939596180973 0.456 0.2414421700318253 0.038
7 0.5238623320942285 0.4845 0.17939562581794893 0.034
9 0.7658856042011667 0.4825 0.11046544213876336 0.04
4 0.4557103628007891 0.5835 0.3694305339783562 0.037
10 0.4885303542711889 0.556 0.10639562581794894 0.034
6 0.5815361722979235 0.5555 0.0894421700318253 0.038
1 0.6545652624315962 0.553 0.07540726187141808 0.035