0 0.15279514301719377 0.35980358828770814 0.30559028603438754 0.04759554052194721
3 0.5234510036919291 0.31113220017820764 0.3714887142457017 0.04631697583703044
9 0.880507782762592 0.48230954337360904 0.14255853056651607 0.049652319592609954
7 0.5664379664417775 0.4846558225843164 0.2504421700318253 0.0409090133672712
2 0.5699266806874791 0.4426907307447237 0.2505119863526397 0.0469090133672712
4 0.4457507386887603 0.6282711322214953 0.4465119863526397 0.04918967984721166
10 0.5092278168809927 0.5880042035900476 0.13552362240610888 0.04657086721832639
6 0.6312394529344618 0.588423802113276 0.11851198635263972 0.045373054309352026
1 0.7352627250414 0.5876339516740609 0.10753525845957802 0.0472450577211921
8 0.4643921228262424 0.40145730907700067 0.47948871424570155 0.04757366961169146
5 0.8743921228262425 0.40622809099932544 0.15879125163589788 0.06983849644811539