0 0.16273987176321564 0.37192576684913353 0.3254797435264313 0.05281662553785987
3 0.5368753693443802 0.31778928690004027 0.36354689451304695 0.051223887409277725
9 0.8880659630299375 0.47739681377462717 0.14055853056651607 0.04962904748567189
7 0.581932148415043 0.48533618141308726 0.24547707819223252 0.04385083309992569
2 0.5849092266072755 0.4443652715467599 0.24554689451304693 0.0498508330999257
4 0.46675655671549476 0.6280154893443461 0.4365934387269233 0.05607331931252111
10 0.5287336349077273 0.5877311066326948 0.13253525845957778 0.04753595905791917
6 0.6467801791216036 0.5851041609420468 0.11652362240610888 0.04634978220241374
1 0.74882672333548 0.5822910383958935 0.10654689451304694 0.04823342166772295
8 0.4808455786123661 0.4056493039592406 0.46857016661998524 0.054445673023531524
5 0.8804212129599153 0.4037979073201399 0.15581452374283572 0.07180358828770807