0 0.1538053397835613 0.36826041000637183 0.29969816320814513 0.06347917998725632
3 0.5189559078803181 0.2910016144366869 0.37572143531508323 0.0663635200509068
9 0.8896896798472118 0.4357079107065946 0.14563998294079966 0.05668722775301717
7 0.5749514910502662 0.46187326754935626 0.25360507478039246 0.054943921527678415
2 0.5749453227243609 0.4183674495226218 0.25366325504773796 0.05994392152767841
4 0.46422017117756703 0.6151823235646283 0.45177961558242863 0.07224786011455717
10 0.5257023667981928 0.569960888249545 0.13760507478039244 0.053594139325264675
6 0.6471034603437056 0.5600471077530512 0.12058180267345416 0.05139632641629009
1 0.7520161899426875 0.5513253221387974 0.11060507478039244 0.05327996588159931
8 0.46554969690641207 0.38563577935075194 0.48379125163589776 0.07362021382556781
5 0.8767995217568268 0.35934754334822366 0.1628959761171195 0.07888504066199176