0 0.5167136842430684 0.3864867495098441 0.2933374341290355 0.06140936366644178
0 0.21928640711570546 0.3955250236027914 0.23726180234149297 0.047757744672172975
8 0.4700220292230492 0.43893985499679705 0.3563316162992245 0.06114243503499415
5 0.7806442036490793 0.4635528495989479 0.12830252715016968 0.053489414844042814
2 0.5686849284577559 0.4680860062635019 0.2412967093203588 0.05380428888604934
7 0.5358303742030298 0.4927020164990221 0.17924434885206006 0.044082853570966224
9 0.7764380040545324 0.5140004873583369 0.11026180234149296 0.04627996588159931
4 0.4618656145456376 0.5838351305155753 0.3683257984694135 0.06028206767662323
10 0.4952201688003638 0.5592249383067897 0.10722107753281625 0.0392450577211921
6 0.5872638025239459 0.5677954552259454 0.09024434885206006 0.04304724481221774
1 0.6602870738431897 0.5726448871291886 0.07622689536262715 0.03988434006365037