0 0.498289224671837 0.3770881761796169 0.2953083449799806 0.054716259794231746
0 0.2025012420961947 0.4283073448887541 0.23823853102224915 0.04238464349500737
8 0.4579517905428015 0.43532088937205504 0.3583025271501697 0.05408278307232194
5 0.7705536025644933 0.4160028175561315 0.1282908914905479 0.0507446822158023
2 0.5598616141807318 0.45022747073133756 0.24127343800111498 0.04840209698444028
7 0.5291870792864031 0.48040491454057177 0.17923271319243828 0.04104139153616097
9 0.7722510754143236 0.4679911818965096 0.11125598451168207 0.04464577910901608
4 0.4660994784754966 0.5817685289037565 0.3702908914905478 0.05215259703005359
10 0.4967652866251088 0.5530910850945223 0.10721525970300536 0.03762250778977227
6 0.5897885579443527 0.5485500269221035 0.09023853102224916 0.04152360468298593
1 0.6623147381785021 0.5436282342608092 0.07622107753281625 0.038442155065632505