0 0.15296151737874447 0.3921880799989455 0.30592303475748894 0.07037615999789103
3 0.5191906549287929 0.3200940888276014 0.3713956124271449 0.07447582908836875
9 0.8858703409254481 0.46750882518872133 0.14533161629922461 0.05953098441459156
7 0.574210350605647 0.4895715724635816 0.2513199806396026 0.05938122129698263
2 0.5744546994577071 0.44757157246358154 0.2513490697886573 0.06438122129698264
4 0.4643202226445708 0.6406689703864058 0.4464305194060107 0.08178495895798506
10 0.5255849339009692 0.5962337293470271 0.1373141628097917 0.05639134389516585
6 0.6451431121990788 0.5883196096059492 0.12029670932035878 0.053094607791385896
1 0.7491983815822828 0.5806349363584836 0.11030834497998057 0.054920057142103816
8 0.46614377892656306 0.41317769791887 0.47843633723582163 0.0833435210356879
5 0.8733095870761753 0.3917819093446545 0.16145960855506564 0.08181026545344298