0 0.5153735832040959 0.3715216576702513 0.302285073660737 0.052514088147663646
0 0.20823686420353837 0.3914493892552423 0.2442210775328163 0.04083919704645655
8 0.4680506936495878 0.42647476315720434 0.3682734380011149 0.05128206767662311
5 0.7899925153514782 0.4402215723742496 0.13028507366073677 0.05051268695098099
2 0.5714023389894085 0.4531790946912546 0.24825598451168207 0.04688574126033302
7 0.5382452575845126 0.4797951049267748 0.18421525970300537 0.03914103383831161
9 0.7856783525416867 0.49417502816037323 0.11325016668187118 0.04431487404200652
4 0.46317801917794454 0.576428218943328 0.3802559845116821 0.048421700318252076
10 0.4973292827530293 0.5508238447612769 0.10920944187319435 0.037268329828130164
6 0.59330310251888 0.5564409058943091 0.09223271319243805 0.04107051691915581
1 0.6682943757741636 0.5588136099044904 0.07722107753281625 0.038895976117119514