0 0.5118867921578449 0.36814155454892955 0.2986167108338615 0.058201609348608824
0 0.20860205914702298 0.39193916675464363 0.24150035029917064 0.047206670647700434
8 0.46552677509864454 0.4239619426005558 0.36260507478039244 0.058318733504014744
5 0.7822071339274154 0.43393741455077495 0.1295934387269233 0.05325170337574014
2 0.5668293124888407 0.4481989810428058 0.24454689451304693 0.051259035842485104
7 0.5336376679057715 0.4752837257179011 0.18146544213876337 0.04315936675200737
9 0.7783122087078078 0.48601596234295186 0.11251198635263972 0.04595496727196041
4 0.46074309298533456 0.5715754005225893 0.37458180267345415 0.05652819428315343
10 0.49344055559513833 0.5449993833799581 0.1094421700318253 0.03990260207717574
6 0.587522007969422 0.5503586072767056 0.09147707819223251 0.042588410908467725
1 0.6625394620496257 0.5505494774070891 0.0774421700318253 0.0393440399994729