0 0.17376461359641954 0.3684723110630098 0.3305701666199852 0.05283989764479793
3 0.5500839044684781 0.31435910322085475 0.36454689451304695 0.05123552346274687
9 0.9059224009165935 0.47647826614891076 0.14057016661998523 0.05062904748567189
7 0.5990445794780188 0.48340599773390175 0.24648871424570165 0.04486246915339484
2 0.6010675012857865 0.44243508786757446 0.24654689451304693 0.04986246915339484
4 0.4852318072310361 0.6270620335582225 0.4385934387269233 0.05609659141945895
10 0.5472547290388036 0.5867892869000402 0.133535258459578 0.04754759511138809
6 0.6662023667981928 0.5836739772628614 0.11652362240610888 0.04634978220241374
1 0.768161640611051 0.581360854716708 0.10654689451304694 0.04823342166772295
8 0.4946311492806957 0.4037016661998515 0.47057016661998524 0.05446894513046982
5 0.8965496969064122 0.4013793596944235 0.15681452374283594 0.07181522434117721