0 0.17160023656175488 0.3600138778470431 0.33428507366073684 0.05094315515685912
3 0.5548326163904509 0.3117827401145417 0.37027925583092586 0.050152597030053474
9 0.9113332831179353 0.48171450161674706 0.14328507366073678 0.04983194966296651
7 0.5978361920328407 0.4840383912624816 0.25024434885206026 0.04345445745273878
2 0.6015918431807806 0.4420151199432378 0.25027343800111473 0.048454457452738776
4 0.47716814169580735 0.6277452575845127 0.4452967093203588 0.053588934265875195
10 0.5409354285033692 0.5873729164766115 0.13527343800111474 0.0477854070244789
6 0.6619383374182746 0.587168959069486 0.11826180234149297 0.045686503917692786
1 0.7659354285033692 0.5860639047691466 0.10827925583092587 0.04862832561958316
8 0.4958562210734369 0.4021289009882935 0.47729089149054765 0.052775104819825745
5 0.9038969458821137 0.4067552264254238 0.1584130659165778 0.07191921711013094