0 0.520716593157974 0.37194954883471915 0.2963083449799806 0.058166699218752456
0 0.2193213140945712 0.3952122509105768 0.2392443488520601 0.04617176051784395
8 0.4740278470528601 0.42626993688634535 0.3603025271501697 0.058283823374158376
5 0.7886180234149299 0.43628031896642094 0.12829670932035878 0.05323424831081183
2 0.573679110627945 0.4505331579259878 0.24227343800111475 0.05122412571262862
7 0.5413332831179353 0.4776004475361548 0.18023271319243828 0.04314191168707919
9 0.783923459480005 0.4888675942910621 0.11125598451168207 0.04593751220703211
4 0.46788306803507057 0.5733921223408429 0.37129089149054767 0.056475829088368755
10 0.5012347133748911 0.5473073776657477 0.10822107753281625 0.03988514701224767
6 0.5952696203537569 0.5516666015624953 0.09123853102224916 0.042588410908467725
1 0.6682841649282844 0.5528923818227354 0.07722107753281625 0.0393440399994729