0 0.17749551562515767 0.34095787261617566 0.3284130659165778 0.07481662553785987
3 0.558382067943844 0.31702453624445437 0.36943051940601074 0.07829370373009226
9 0.9000165447569803 0.5080624600382311 0.1453432519588464 0.060687227753017395
7 0.5883943703309503 0.4906870906938509 0.2503432519588464 0.0619090133672712
2 0.5956529303937957 0.44909982029283274 0.2513723411079013 0.06692064942074034
4 0.45916814169580733 0.6251997776448319 0.4444712442146874 0.08616640774027359
10 0.5254645176524239 0.5894259800891378 0.1363199806396026 0.05658250327179553
6 0.6450110602909115 0.5960354716995822 0.11930834497998058 0.054384690362820946
1 0.7490546940144938 0.6023253221387973 0.11031998063960259 0.05627996588159931
8 0.4933736745628698 0.40228669774667947 0.4764828798743093 0.08853876145128424
5 0.8980772986062532 0.43257991411843466 0.16147124421468742 0.0828734046085226