0 0.179 0.33104139153616097 0.336 0.06795479081648091
3 0.566 0.3072928916730007 0.371 0.07015841485986447
9 0.9105 0.49979713404287485 0.145 0.05784358532258852
7 0.5975 0.4824761533120458 0.251 0.056460275282549786
2 0.6035 0.4405110602909115 0.251 0.061460275282549784
4 0.469 0.617728562181338 0.446 0.07659475209568609
10 0.5355 0.5816154478637666 0.137 0.05479704268410092
6 0.6555 0.5888135874410811 0.12 0.051698139577314575
1 0.7605 0.5949244595712316 0.11 0.05363996127920518
8 0.5015 0.3939176416501941 0.478 0.07778092264963675
5 0.9075 0.42427968055344195 0.161 0.07993667059956375