0 0.505 0.3868762070018878 0.294 0.051420999719910924
0 0.207 0.4274086630681005 0.238 0.03976938072564212
8 0.463 0.44388749275618616 0.358 0.04916570714193233
5 0.7755 0.4355237594652751 0.127 0.04847777879057367
2 0.5645 0.4620685521832983 0.241 0.044804288886049336
7 0.5335 0.49120783452575667 0.179 0.03908285357096611
9 0.7765 0.4875353955187442 0.11 0.04327996588159931
4 0.469 0.5904573090770007 0.37 0.048305339783561295
10 0.5 0.5628180267345424 0.106 0.03723342166772318
6 0.593 0.5619001797071671 0.089 0.04003560875874837
1 0.666 0.5587496116104103 0.075 0.037872704010181224