0 0.510919440522062 0.377 0.30004730389569306 0.06
0 0.20520125221045923 0.3895 0.2438203880516262 0.047
8 0.4614855945484023 0.4305 0.36501239376583655 0.058
5 0.7791103106524456 0.452 0.13192511844119553 0.053
2 0.561988125197948 0.459 0.24689020831133918 0.051
7 0.5275430210422786 0.4845 0.18376802285684152 0.044
9 0.7727113748086424 0.5035 0.1128203880516262 0.047
4 0.4494022449390261 0.5785 0.3769949387009085 0.057
10 0.48433862156223156 0.5535 0.10968074753220049 0.039
6 0.5781989810428059 0.5615 0.09273311272698516 0.042
1 0.653129160783093 0.5655 0.07868074753220049 0.039