0 0.1682235371101071 0.31904296699609785 0.30381452374283596 0.07176280243271947
3 0.5419849980139909 0.2963670986468005 0.37788434006365035 0.07819332183873007
9 0.8913005726543388 0.493348311702399 0.14869816320814516 0.06086103881202132
7 0.5740503975047534 0.4736925637524719 0.2557097992616141 0.06248354660179359
2 0.5810558652323172 0.4311489300288897 0.2567679795289596 0.0674893644316046
4 0.44313290077654893 0.6104634262024236 0.45396579243793395 0.08563547690436281
10 0.5102198208783963 0.574570722690184 0.13966325504773794 0.057808678343722934
6 0.6328245453596183 0.582858038538342 0.12262834688733074 0.05470977523693659
1 0.7374059977339018 0.5892500753230971 0.11265161899426858 0.05665159693882697
8 0.4764798805855976 0.3822539843292291 0.48698906454487223 0.08782746528812437
5 0.8893987785104845 0.41585412953220996 0.16596579243793394 0.08395994191880754