0 0.5118706742891903 0.3600190685168905 0.30122689536262737 0.042502452094194496
0 0.20567286807561788 0.39757970087843036 0.24317453489432864 0.03282756099298763
8 0.466539057989966 0.4175426909229993 0.36719780621357245 0.038270431623154084
5 0.7885448758197768 0.412795881705954 0.12926180234149295 0.046501050897511956
2 0.5704110657341248 0.43833254136221445 0.24720362404338356 0.03787410520686399
7 0.5382481664994182 0.4667048950732252 0.18318035272413954 0.03312939778484247
9 0.7872307130099853 0.4668075177594231 0.11222689536262714 0.04030323798853749
4 0.4666663835183226 0.5675310548695301 0.3791803527241395 0.03541006426478316
10 0.49982346492321833 0.5401470651050504 0.10818617055395066 0.03325669377466102
6 0.5958176470934075 0.5400300039720182 0.09121525970300536 0.03805888086568666
1 0.6708234649232183 0.538157299961837 0.07620362404338357 0.0358843400636506