0 0.5133677653742849 0.37249838556331316 0.30329089149054766 0.05352572420113268
0 0.20610887194769736 0.4134261171483042 0.24622689536262726 0.04186246915339484
8 0.470021604500533 0.43149803526414254 0.3692734380011149 0.05129370373009226
5 0.79259432737317 0.42275066250792237 0.1312908914905479 0.05152432300445003
2 0.5744197924788412 0.45021400285166185 0.24925598451168207 0.04689737731380205
7 0.5422452575845126 0.47984164914065114 0.18522107753281625 0.040152669891780644
9 0.7922859823931894 0.47575066250792236 0.11325016668187118 0.04431487404200652
4 0.4751489300288897 0.581567851584957 0.381261802341493 0.049433336371721225
10 0.5073147381785019 0.5534402052959677 0.11021525970300536 0.03827996588159931
6 0.6033263738381238 0.5525572664289998 0.09223271319243805 0.04107051691915581
1 0.6783496451573676 0.5494299704391813 0.07822107753281625 0.03890761217058843