0 0.1589366361050978 0.3764424884293747 0.3178732722101956 0.050884976858749494
3 0.5324580168852909 0.320629992438294 0.3688378431165545 0.05014096137043157
9 0.8881913890941685 0.48121568442552143 0.1428552981814828 0.04982613183315562
7 0.5765081109124222 0.48990343043940887 0.24973311272698515 0.04344863962292789
2 0.5802237685744791 0.4489208839288418 0.2498203880516262 0.048448639622927885
4 0.4584596714329024 0.6352314710962434 0.4438902083113392 0.053577298606253404
10 0.5211753290949593 0.5945921765445228 0.13480293298669813 0.04677958919466801
6 0.6412451493546723 0.5912903161218374 0.11778547792176983 0.045680686087881894
1 0.745314969614385 0.5878953704221768 0.10783784311655449 0.04862250778977204
8 0.4743870610417514 0.410301285053975 0.4758727532464109 0.052763469160203844
5 0.8805179740287131 0.4051633239572228 0.15823930960990357 0.07191339928031994