0 0.5142361623403157 0.3875 0.3037680228568415 0.044
0 0.20523869298986147 0.416 0.24559347220755945 0.034
8 0.4672412236394073 0.4445 0.36969820259712877 0.04
5 0.7901801309121586 0.448 0.13182038805162619 0.047
2 0.5703397571460583 0.4675 0.2496807475322005 0.039
7 0.5363422877956041 0.496 0.1856109272724875 0.035
9 0.7862375574060347 0.502 0.11371565766205685 0.041
4 0.46312296390017466 0.5945 0.3816807475322005 0.039
10 0.49708552312077237 0.568 0.11061092727248763 0.035
6 0.5930331579259878 0.571 0.09268074753220049 0.039
1 0.6680331579259878 0.571 0.07862838233741581 0.036