0 0.4840328984440954 0.3705 0.29885529818148254 0.049
0 0.18073869298986148 0.416 0.2426632924672723 0.038
8 0.44001177714579465 0.429 0.3648029329866979 0.046
5 0.7582299654573974 0.4165 0.1298378431165545 0.048
2 0.5431975859770868 0.447 0.24573311272698514 0.042
7 0.5116826615617043 0.4765 0.1826458374023441 0.037
9 0.7578048470162019 0.4695 0.11175056779191346 0.043
4 0.44341970000395436 0.5775 0.37676802285684163 0.044
10 0.4759084418219444 0.5495 0.10862838233741581 0.036
6 0.5699520794842651 0.547 0.09168074753220049 0.039
1 0.6450131722115138 0.5435 0.07764583740234411 0.037