0 0.16046151737874448 0.3883792226352572 0.32092303475748896 0.06275844527051436
3 0.5286673836095491 0.32117292636534944 0.3623490697886573 0.06421225135580858
9 0.8848325250316771 0.4688269974538126 0.14030834497998057 0.05462904748567189
7 0.5802045327758361 0.4872838191724763 0.2452908914905479 0.05285083309992569
2 0.5814430637980852 0.4462954552259455 0.24531998063960236 0.0578508330999257
4 0.47084931179362555 0.6330213073710806 0.4353781589377121 0.07006168325905174
10 0.5310994784754967 0.5907194705792258 0.13229670932035878 0.05253595905791917
6 0.6476489300288897 0.5835750708083741 0.11627925583092588 0.04934978220241373
1 0.7496838370077555 0.5787619482622208 0.10629089149054789 0.05123342166772318
8 0.47663214326694114 0.41257366961169156 0.46637815893771223 0.07042240091659346
5 0.8732543176929712 0.3961873648121836 0.15643051940601072 0.07581522434117721