0 0.16356532958288914 0.3568792226352572 0.3182850736607368 0.05270026500316897
3 0.5373006183264907 0.3157311066326948 0.36627925583092585 0.052258795569684935
9 0.8892896493943531 0.48981536140034354 0.14128507366073678 0.050640683539140925
7 0.579295467224164 0.48720818482492734 0.24724434885206029 0.04487410520686399
2 0.5825511183721039 0.44524891101206915 0.24727343800111498 0.049874105206863986
4 0.4596128723126033 0.6263060403819025 0.4402967093203588 0.05611986352639724
10 0.5228888858648816 0.5885449297771895 0.13326762017130386 0.04754759511138832
6 0.6428888858648815 0.5899412561934796 0.11726180234149297 0.04636141825588288
1 0.745885976949976 0.5906397697007953 0.10727925583092587 0.049245057721192094
8 0.47831258734985477 0.4030387614512843 0.47229089149054765 0.055492217237408
5 0.8818533121585315 0.41473390902605994 0.15740724808676668 0.07182686039464625