0 0.1717489132443019 0.35511118675438 0.3268552981814827 0.05469035116659893
3 0.547954707790068 0.3030306272764419 0.3648203880516262 0.053353643633871115
9 0.8999133412954009 0.46643880961649403 0.14085529818148257 0.051443709089950516
7 0.591922068827865 0.47231496961438507 0.24673311272698514 0.04629394597234159
2 0.595706411165808 0.43123642182220806 0.2468203880516262 0.05129394597234148
4 0.4748657779178154 0.614400849873307 0.4388902083113392 0.05864531843855934
10 0.5376850303856149 0.5742924532503653 0.13380293298669813 0.048321523635453105
6 0.656685030385615 0.5722153005239073 0.11678547792176983 0.047024787531673155
1 0.7587024854505432 0.5714348839012291 0.10682038805162619 0.048850236882391075
8 0.49049075350375115 0.3920604761072068 0.4708552981814827 0.0572038805162623
5 0.8926129389582486 0.39204354000606334 0.15722185454497503 0.07272299012880194