0 0.166492060985252 0.36805882155959535 0.332984121970504 0.054812536621096454
3 0.5476906549287929 0.30140844182194443 0.36827925583092586 0.05442346389358409
9 0.90475980215904 0.4551595285776426 0.142285073660737 0.051478619219806884
7 0.593698714946025 0.4710880537703182 0.24924434885206007 0.04634631116712626
2 0.5964372459682742 0.43004441610799765 0.24927343800111498 0.051346311167126145
4 0.47734931179362555 0.6191041137695273 0.4432967093203587 0.058732593763200384
10 0.5400878428158746 0.5770131722115137 0.13426762017130386 0.048338978700381174
6 0.660114023050024 0.5704185644201276 0.11726180234149297 0.047042242596601454
1 0.7631343854543624 0.5651206927325213 0.10727925583092587 0.049867691947319145
8 0.4911612324159959 0.3933859254579246 0.47529089149054776 0.058291155840903344
5 0.8957019572246727 0.37932535169446063 0.15741306591657803 0.07374044519373013