0 0.4969671015559046 0.376207484226586 0.3051345792203342 0.0685373602546017
0 0.19454058804899 0.43417594199871884 0.24789020831133904 0.05387410520686387
8 0.45854058804899 0.4372478601145572 0.3711520342852623 0.0703053397835613
5 0.7795343911660717 0.4119888513048679 0.1339774836359802 0.057547595111388315
2 0.5642500488281286 0.45047546375554565 0.2509774836359802 0.0589090133672712
7 0.5352998833733675 0.4816322001782077 0.1868378431165545 0.05016430594524968
9 0.7839595096072671 0.4650295774920097 0.1158552981814828 0.050338146148944704
4 0.47516757532068676 0.5879107648631243 0.3821345792203342 0.06943333637172146
10 0.505126468307912 0.5572656644939314 0.11173311272698515 0.04329160193506846
6 0.6004955553209504 0.5508769076002291 0.0947854779217696 0.04609378902609387
1 0.6763646423339887 0.5442612476638794 0.08073311272698515 0.042930884277526726