0 0.5128867921578448 0.3710830668109704 0.3016981632081452 0.0635024520941945
0 0.21252677509864457 0.42958551890516494 0.24454689451304693 0.04983919704645666
8 0.47358495536599005 0.43154850894973384 0.3656748911012069 0.0622471595162159
5 0.7923115081094666 0.4043366078930958 0.13161671083386137 0.05452432300445002
2 0.5777478601145571 0.444338359388949 0.2475934387269233 0.05387410520686399
7 0.5486085777720988 0.475681622966287 0.1845119863526397 0.04614103383831161
9 0.7949282189433279 0.4573133357861576 0.11354689451304693 0.048314874042006524
4 0.4868129093061491 0.5799146943348394 0.37766325504773773 0.061386792157844865
10 0.5174754637555457 0.5505539766772978 0.11045380608529422 0.04027996588159931
6 0.6124056474347311 0.5434485515977346 0.09250035029917057 0.044070516919155804
1 0.6858358311139165 0.536593301667757 0.07845380608529422 0.039907612170588434