0 0.16569623075363565 0.37559750525780466 0.32731998063960255 0.05880498948439072
3 0.5413180718159235 0.30622234915342883 0.3663199806396026 0.059258795569684934
9 0.9016994730322834 0.4535391879312929 0.1423025271501697 0.05365231959260996
7 0.5922983761390694 0.47414054647997456 0.24727343800111476 0.049874105206863986
2 0.5935540272870093 0.4321230923997709 0.24730252715016968 0.05487410520686399
4 0.48115359712128 0.622443784468512 0.44033743412903525 0.06311986352639724
10 0.5414063393543144 0.5792398032336326 0.13328507366073677 0.050547595111388094
6 0.6613714323754486 0.5718434768173423 0.11727343800111475 0.04836141825588288
1 0.7638394343114883 0.5651507813367611 0.1082908914905479 0.051256693774661015
8 0.4868474943287205 0.39786233209422844 0.4723374341290355 0.06349221723740789
5 0.8907660447113671 0.3791613664927183 0.15841888374638893 0.0738384964481154