0 0.5225805594779381 0.37399799981754706 0.29609966909047764 0.06471625979423186
0 0.22272019999736375 0.38374334876083366 0.23987275324641086 0.05139046132481826
8 0.47448822285420533 0.42628307347828387 0.3601171241554059 0.06608860090213306
5 0.787942054542339 0.4504620927474548 0.12994257350612362 0.054750500045613305
2 0.5750031472695878 0.4552012904971883 0.2429600285710519 0.05640791481425117
7 0.5409482514252573 0.48090200562566626 0.1808029329866981 0.04704720936597198
9 0.7833497179186063 0.502494090811415 0.1128203880516262 0.04765159693882697
4 0.46652793480126103 0.5718441606912988 0.37109966909047765 0.06515259703005359
10 0.5001090132429838 0.5476463544777264 0.10771565766205686 0.04162250778977227
6 0.5927835638922659 0.557108205220213 0.09176802285684152 0.044529422512796825
1 0.6658621116844429 0.5611835036440133 0.07769820259712878 0.04044797289544363