0 0.4945 0.3828769168415174 0.291 0.06469298847498794
0 0.2035 0.4396839283665294 0.236 0.05037300783538547
8 0.4555 0.44115002147889015 0.354 0.06505951175307814
5 0.764 0.41494482197556987 0.127 0.05473886438599129
2 0.557 0.4542405312047021 0.24 0.05539627915462927
7 0.5285 0.48457472305508986 0.178 0.04603557370635008
9 0.768 0.4669680932948137 0.11 0.04763996127920518
4 0.469 0.5857285621813381 0.366 0.06412932571080955
10 0.4985 0.5564001881607612 0.106 0.04061668995996115
6 0.5905 0.5499354285033692 0.09 0.04252360468298593
1 0.663 0.5428572211646633 0.077 0.0394479728954434