0 0.4956132078421551 0.377 0.2985119863526397 0.044
0 0.19265358373012625 0.4165 0.24139562581794888 0.034
8 0.45194413476768275 0.4345 0.3644538060852942 0.039
5 0.7700197691152318 0.428 0.12953525845957803 0.046
2 0.5537172317250356 0.454 0.2454421700318253 0.038
7 0.5218856042011667 0.4825 0.18239562581794894 0.034
9 0.7679146943348394 0.48 0.11147707819223251 0.041
4 0.4537219988542582 0.5825 0.3754421700318252 0.038
10 0.485541990324658 0.555 0.10839562581794883 0.034
6 0.5805478083513926 0.5545 0.0914421700318253 0.038
1 0.6545768984850652 0.552 0.07740726187141808 0.035