0 0.16010192208785665 0.33213736935177235 0.3146981632081451 0.06548089038746024
3 0.5379859118523365 0.2925480823413702 0.3737097992616141 0.06751073921822513
9 0.8853274239338212 0.47194753714895815 0.14463998294079966 0.057513529349663375
7 0.5719496024952466 0.46691970000395433 0.2525934387269233 0.055398676361910815
2 0.5774383167409481 0.42483242467931326 0.25266325504773796 0.06139867636191081
4 0.4428380090897784 0.6076452207823021 0.4487796155824286 0.07481986908784143
10 0.509274361094869 0.5689931864970397 0.13760507478039244 0.054391343895165846
6 0.6312219988542581 0.5713636685757972 0.12058180267345416 0.052094607791386124
1 0.7351812726671164 0.5730483418232625 0.10960507478039244 0.053902602077175746
8 0.47396775717379147 0.38114775143184787 0.4817796155824287 0.07539588623047268
5 0.8822175820242062 0.39551735740867106 0.16188434006365038 0.07881026545344298