0 0.5119368955869902 0.36996670627627964 0.2970123937658366 0.06144427182684899
0 0.21022743480785158 0.38547497639720857 0.2408203880516262 0.049792652832580414
8 0.46351177714579467 0.42351941881606114 0.3610123937658366 0.06218897924887051
5 0.7771452207823021 0.44086569802676856 0.12992511844119553 0.054501050897511956
2 0.5620230353278045 0.45036744952262175 0.24389020831133917 0.053827560992987626
7 0.528077931172135 0.47625725731383606 0.18175056779191345 0.045106125677904285
9 0.7707462849384987 0.4924296963208485 0.11180293298669812 0.047291601935068456
4 0.4514546101338108 0.5701299613240174 0.3719949387009085 0.06131697583703044
10 0.4858822592245521 0.5452343355060687 0.10868074753220049 0.04025669377466102
6 0.5782513462375904 0.5516580005601781 0.09173311272698516 0.04305888086568666
1 0.6521815259778776 0.554796932603466 0.07768074753220049 0.039895976117119515