0 0.1820144384468342 0.3429287824825029 0.3297679795289596 0.06982826159132889
3 0.5602177190833726 0.31302453624445437 0.36476797952895956 0.07023552346274686
9 0.9003820250286224 0.4950915501719038 0.14265161899426856 0.057652319592609955
7 0.5947016661998515 0.4831463645067091 0.2466283468873305 0.05686246915339484
2 0.6002304060343535 0.44257654818589465 0.24669816320814517 0.06286246915339484
4 0.4707550793379743 0.6181066892170793 0.43784943190324316 0.07808495536599003
10 0.5348419994398218 0.5818561637683233 0.13461671083386137 0.05455923116485747
6 0.6529176337873709 0.5869831094589713 0.1185934387269233 0.052373054309352025
1 0.7544758140547162 0.5908020500318591 0.10860507478039244 0.05325669377466102
8 0.4981951475747757 0.3977576076130067 0.46984943190324313 0.07845730907700067
5 0.8980151390451755 0.4206090042521074 0.15890761217058866 0.07983849644811539