0 0.5092107753281631 0.38589947910882594 0.2902501666818711 0.04637445550603456
0 0.2138736745628698 0.4104610253087114 0.23419198838376157 0.03572283651176576
8 0.4645278470528601 0.4398758567027171 0.35422107753281623 0.042119162928055974
5 0.7745511183721039 0.4474830332781333 0.12526180234149298 0.0464545066836356
2 0.5646587482236066 0.46353946204962565 0.23921525970300536 0.03978101677911127
7 0.5333187385434079 0.4906729263653494 0.17619198838376154 0.035047945410558896
9 0.7728536455222736 0.49945976117119517 0.10823271319243827 0.04125669377466124
4 0.4638714323754486 0.5848584026225135 0.3652094418731944 0.04024715951621602
10 0.49621725988545823 0.5587365743602588 0.10519198838376155 0.034221785614253805
6 0.5882318044599857 0.5623070912794145 0.08821525970300535 0.03802397270527945
1 0.6612347133748911 0.5636565231826578 0.07519780621357244 0.03487270401018122