0 0.1744737122596924 0.33852391142973887 0.33162834688733056 0.05977762649123997
3 0.5585140881476636 0.2923124389648392 0.37063998294079964 0.061458374023440454
9 0.9115853056651606 0.4641857111750348 0.14460507478039245 0.05451352934966326
7 0.5985271253978152 0.464649146497567 0.25054689451304696 0.05136376623205433
2 0.6035442291788481 0.4230531436404618 0.25060507478039246 0.05636376623205433
4 0.47716780893695615 0.6077961194837378 0.4456748911012069 0.06576750389305698
10 0.5412140028516619 0.5676702677958676 0.13558180267345415 0.05235643376530925
6 0.6622430929853346 0.5680582049395534 0.11854689451304694 0.049059697661529754
1 0.7662605470655383 0.5677428781870187 0.10958180267345415 0.051902602077175744
8 0.49854387887967755 0.3818771979254605 0.477686527154676 0.06732606597075982
5 0.9052126016549793 0.38928171403214 0.15984943190324316 0.0757753553235866