0 0.5254042462380486 0.3724376161426069 0.3025119863526397 0.04751408814766353
0 0.21823587376191747 0.4045157025843504 0.24339562581794888 0.036827560992987625
8 0.4800675012857864 0.4299728746021848 0.36846544213876337 0.04428206767662311
5 0.8021082274729281 0.4297260653851395 0.13054689451304693 0.048512686950980995
2 0.5828351305155753 0.4517801791216036 0.24845380608529422 0.041885741260332905
7 0.5506667580394442 0.4806583508593488 0.18439562581794872 0.03614103383831162
9 0.7997365743602587 0.4837609735455468 0.11347707819223252 0.042314874042006526
4 0.48031290930614906 0.5799903286823884 0.3794421700318252 0.04241006426478316
10 0.5134929178357492 0.552100520891174 0.10939562581794894 0.03526832982813039
6 0.6085278259961565 0.553995095811611 0.09245380608529422 0.04007051691915581
1 0.6845278259961565 0.5531107557479606 0.077418897924887 0.03689597611711952