0 0.5155 0.37900090873245257 0.293 0.06470462413460996
0 0.2175 0.3877346220161172 0.238 0.05038464349500737
8 0.4675 0.43128016456337837 0.356 0.06507114741270016
5 0.7775 0.45547663732198224 0.128 0.054744682215802185
2 0.5655 0.4602100172419048 0.241 0.05640209698444028
7 0.532 0.4849049145405718 0.179 0.04604139153616097
9 0.772 0.5065086353859425 0.111 0.04764577910901607
4 0.456 0.5758470696062044 0.368 0.06414096137043157
10 0.49 0.5516492633926319 0.107 0.04062250778977204
6 0.5815 0.5611169319649295 0.091 0.044529422512796825
1 0.6545 0.5646922303887297 0.077 0.04044797289544363