0 0.4977950425016479 0.379 0.2942501666818712 0.043
0 0.19906814713902066 0.418 0.23719198838376154 0.033
8 0.4544663351173289 0.4355 0.35822689536262725 0.039
5 0.7685012420961946 0.4295 0.12726180234149298 0.045
2 0.5553528874360153 0.455 0.24122107753281624 0.038
7 0.5246870792864031 0.4835 0.17919780621357245 0.034
9 0.766698714946025 0.4815 0.11023271319243827 0.04
4 0.4571169319649295 0.5815 0.36921525970300534 0.037
10 0.48877110445491984 0.555 0.10619780621357244 0.034
6 0.5827740133698253 0.5545 0.08922107753281626 0.038
1 0.6557885579443526 0.552 0.07520362404338335 0.035