0 0.5056991396685411 0.3867886251913576 0.2952792558309259 0.05314924415382415
0 0.20745512418022316 0.4255782883102846 0.23922107753281638 0.04217176051784395
8 0.46303366488267106 0.4435380573994442 0.360267620171304 0.05228382337415837
5 0.7779638509249396 0.43703640285183276 0.12727925583092586 0.05021679324588365
2 0.5661354769043628 0.4628359290870506 0.24224434885206006 0.04622412571262862
7 0.5353041939688804 0.4912948220742759 0.18021525970300536 0.04014191168707908
9 0.7792663780751092 0.4890538579167609 0.11024434885206005 0.04392005714210393
4 0.47138597694997597 0.5901689703864058 0.37125598451168207 0.05047582908836876
10 0.5022230777152693 0.5627100773991806 0.10720944187319446 0.03786769194731914
6 0.5952114420556472 0.5623333984375048 0.09022689536262715 0.040570955843539654
1 0.6691881707364036 0.5596250732421929 0.07621525970300536 0.0383265849345446