0 0.16162932571080965 0.3669279438548474 0.31131998063960253 0.05680934507120719
3 0.5378907946885605 0.32811835677867207 0.3743257984694135 0.05817586834929728
9 0.8939409129694379 0.5106836863615611 0.14530834497998057 0.053843585322588525
7 0.5779118238203831 0.5038452521412993 0.25227925583092586 0.0494660931123608
2 0.5821616571385121 0.46087143237544864 0.25230834497998056 0.054466093112360794
4 0.45373795565353886 0.6451180234149299 0.4503490697886573 0.06261802341492989
10 0.5190110602909115 0.6064990912675475 0.1362908914905479 0.050791224854289795
6 0.6410256048654389 0.6097088665044841 0.11927925583092587 0.04869232174750368
1 0.7460343316101553 0.6118197386346345 0.1102908914905479 0.050639961279205184
8 0.47641439937154645 0.41775765133039283 0.48234906978865727 0.06280419396888044
5 0.8879987579038053 0.4346516882976009 0.1614363372358216 0.07593667059956374