0 0.162 0.37067227948162873 0.324 0.05465544103674256
3 0.539 0.3050917200036907 0.368 0.05442346389358409
9 0.8975 0.4573340792269247 0.142 0.051478619219806884
7 0.5865 0.4742626044196004 0.249 0.04634631116712615
2 0.589 0.4322189667572799 0.249 0.05134631116712626
4 0.4715 0.6222699368863454 0.443 0.058732593763200384
10 0.5325 0.5792051779257241 0.134 0.048338978700381174
6 0.6535 0.5730931150694099 0.117 0.047042242596601454
1 0.7565 0.5682952433818034 0.107 0.049867691947319374
8 0.4835 0.3970604761072068 0.475 0.058291155840903344
5 0.8885 0.3824911748112787 0.157 0.07374044519373024