0 0.15809732764684942 0.3586847756588228 0.31228507366073677 0.052630448682354426
3 0.532254075688003 0.29532707363465055 0.3742908914905479 0.05435188399743765
9 0.8971936552024724 0.4525915501719038 0.14429089149054788 0.05167559169954825
7 0.5812605602452983 0.4677685430681345 0.25225016668187117 0.045932285474209265
2 0.5835103935634273 0.42473945293446186 0.25227925583092586 0.05093228547420926
4 0.4646215990573197 0.617135779350752 0.45030252715016966 0.05723622406108825
10 0.5278772502052596 0.5743968899554651 0.136273438001115 0.04858250327179553
6 0.6498539788860157 0.5689772914322369 0.11926762017130386 0.04738469036282095
1 0.754830707566772 0.5637555058179828 0.10927925583092588 0.04926832982813039
8 0.4752893160306109 0.38799614670912297 0.4822967093203587 0.05660857777209878
5 0.8872485912219342 0.37620209267986005 0.1604188837463887 0.07386176855505357