0 0.4961364799490932 0.37208817617961687 0.2975585305665161 0.04972789545385376
0 0.19511867556971899 0.4183364340378089 0.24144217003182525 0.03940209698444028
8 0.4534557708211518 0.43083252503167696 0.3625352584595779 0.04810605439156575
5 0.7705954034627809 0.4169882729816042 0.1285585305665161 0.048744682215802186
2 0.5562521398854429 0.4477332885611486 0.24448871424570143 0.043419550473873074
7 0.5249146943348394 0.47691364128528824 0.18143053397835615 0.03805302719578299
9 0.7704903286823885 0.46898536406669866 0.11148871424570143 0.042645779109016076
4 0.45824527096119627 0.5777947091379058 0.3745119863526397 0.04617586834929716
10 0.49057689848506525 0.5491085385839553 0.108418897924887 0.036628325619583166
6 0.5846001705920034 0.5465616625817253 0.09045380608529421 0.039523604682985936
1 0.6581408967791452 0.5426340520906201 0.07643053397835615 0.037442155065632504