0 0.1845 0.3386468518650461 0.334 0.06988644185867429
3 0.5685 0.3171150963971746 0.369 0.07129370373009226
9 0.912 0.5101120807638052 0.144 0.05867559169954825
7 0.6015 0.49099908616165444 0.25 0.0579090133672712
2 0.6075 0.44956890248246895 0.25 0.0629090133672712
4 0.4725 0.6249980352641424 0.444 0.0791664077402736
10 0.5385 0.589266014793102 0.136 0.05458250327179553
6 0.659 0.5971681592361268 0.119 0.052384690362820945
1 0.762 0.6043666727434425 0.109 0.05426832982813039
8 0.5045 0.4018703889751532 0.476 0.08053876145128425
5 0.9095 0.4350829906301325 0.16 0.08086176855505346