0 0.1614440638893116 0.39805460265571974 0.3228881277786232 0.07389079468856051
3 0.5311702925244546 0.31139909671076077 0.36743051940601074 0.07613514354062068
9 0.8963994300745031 0.44176977099995113 0.1443432519588464 0.05983776749277763
7 0.5887074416907414 0.47655875366681993 0.2483432519588464 0.06044282179311699
2 0.5884517905428015 0.4345616625817254 0.24937234110790132 0.06544863962292788
4 0.48282022264457075 0.6296696257969702 0.4414712442146874 0.08356566294663116
10 0.5425820249860638 0.5843234649232184 0.1353199806396026 0.0557854070244789
6 0.6606547478587006 0.5711369610055257 0.11930834497998058 0.053692321747503685
1 0.7632187439866212 0.5595406334499028 0.11031998063960237 0.05563996127920518
8 0.48062632543713024 0.4051899882013085 0.4734828798743093 0.08575183350058183
5 0.8833299494805137 0.36784831170239907 0.16146542638487654 0.08093667059956373