0 0.503229568376846 0.37585844545107044 0.3005119863526397 0.0492365194784652
0 0.1987757622915516 0.4095521057128923 0.24239562581794888 0.03822412571262862
8 0.4585604953023736 0.43259042259422886 0.3654538060852943 0.04537109869879941
5 0.7786361296499226 0.43167604337125853 0.12953525845957803 0.04825170337574013
2 0.5618335922597264 0.45389702181429936 0.2464421700318253 0.04229394597234159
7 0.5299903286823884 0.48284718726906056 0.18339562581794894 0.03719427688186374
9 0.7770194188160612 0.48465858830633024 0.11247707819223252 0.042954967271960416
4 0.4608267233354799 0.5816602428539418 0.3764421700318252 0.04456310441301002
10 0.49364671480587974 0.5547275324641088 0.10939562581794883 0.035902602077175744
6 0.5886525328326143 0.5558857636322895 0.09145380608529421 0.04058841090846772
1 0.6636816229662871 0.5546948935019058 0.07740726187141808 0.03634403999947267