0 0.16218459509401373 0.37456914723024715 0.3202850736607368 0.05086170553950569
3 0.5358471609649783 0.31439327888094987 0.36627925583092585 0.05012932571080955
9 0.8932634691602038 0.4698192225533443 0.141285073660737 0.04982031400334472
7 0.5838303742030299 0.48311984087983495 0.24724434885206006 0.043437003963305985
2 0.5855860253509696 0.44110820522021305 0.24727343800111498 0.04843700396330598
4 0.47017395952561825 0.6287859823931893 0.4402967093203587 0.05355984511682027
10 0.5309354285033692 0.587431094774721 0.13326762017130386 0.04677377136485711
6 0.6509121571841253 0.5827329551974064 0.11726180234149297 0.045680686087881894
1 0.7538888858648815 0.578133718726878 0.10727925583092587 0.04862250778977227
8 0.4808707656479643 0.4047161684354579 0.47229089149054776 0.05274601567077093
5 0.8838300408392876 0.3953715830216429 0.15740724808676668 0.07091339928031994