0 0.4955 0.3788827346713284 0.298 0.05473371328366466
0 0.1955 0.4271373857280418 0.241 0.044402096984440274
8 0.4545 0.4381442036490792 0.362 0.054106054391565864
5 0.771 0.4219855467842466 0.129 0.05175050004561331
2 0.5575 0.4542434401196076 0.244 0.04841955047387307
7 0.527 0.48356599631037345 0.181 0.041053027195782875
9 0.772 0.4739913646140575 0.112 0.04465159693882697
4 0.463 0.5846936552024723 0.374 0.05217586834929739
10 0.494 0.556374007926612 0.109 0.03863414344939429
6 0.5875 0.5529179750139362 0.091 0.04152942251279683
1 0.6625 0.5483543122497578 0.077 0.0384479728954434