0 0.160958608463839 0.38955751157062524 0.321917216927678 0.0668849768587495
3 0.5281819281840765 0.3094165502001937 0.3623839767675231 0.06810605439156575
9 0.8858819765850701 0.4448308582129662 0.14132579846941348 0.05682031400334472
7 0.5817307130099852 0.4725994784754966 0.24531416280979146 0.05542536830368408
2 0.5819692440322344 0.4315994784754966 0.2453432519588464 0.06042536830368408
4 0.4748638563681529 0.6222161684354579 0.4354188837463887 0.07453075596776557
10 0.5346169319649294 0.578370007561706 0.13330834497998056 0.053773771364857115
6 0.652175110263039 0.5676864125589188 0.11729089149054789 0.05068068608788189
1 0.7527274707313376 0.5581017206629177 0.10730252715016968 0.052622507789772274
8 0.47714959675637403 0.4012103506056469 0.4664247015761997 0.07571110869190523
5 0.8743095870761753 0.3714006721706976 0.1574479728954434 0.07791339928031994