0 0.48893689558699016 0.3731172653286716 0.29994257350612374 0.05573953111347566
0 0.1870641423405793 0.4248684321017692 0.2427505677919134 0.04440791481425117
8 0.4468983192237612 0.4328557963509208 0.36490766337626734 0.054117690051187765
5 0.7647125103924691 0.41300863538594246 0.13089020831133893 0.0517563178754242
2 0.5496277657173739 0.44775655988039237 0.2458203880516262 0.04842536830368408
7 0.5186128413019915 0.4774340036896265 0.1826982025971288 0.041058845025593885
9 0.7648048470162019 0.4650028175561315 0.11278547792176982 0.04565159693882697
4 0.4533236971468491 0.5803034358826222 0.3768902083113392 0.053187504008919174
10 0.48432116649730333 0.551625992073388 0.10966329246727219 0.03863414344939429
6 0.5793909867570162 0.5470732982413473 0.09271565766205686 0.04153524034260795
1 0.6529782620816572 0.5416456877502421 0.07866329246727219 0.03845379072525452