0 0.15992878248250292 0.386 0.31985756496500584 0.06
3 0.5288346431572384 0.315 0.3646981632081452 0.06
9 0.8851532334309556 0.4595 0.14161671083386135 0.053
7 0.5784088763081048 0.4805 0.24658180267345414 0.05
2 0.5808859545003372 0.4395 0.24665161899426857 0.056
4 0.46818674039468033 0.6285 0.43776797952895957 0.066
10 0.5286870906938509 0.5855 0.1335934387269233 0.051
6 0.6462859971483381 0.577 0.11757016661998523 0.049
1 0.7483732675493563 0.5695 0.10758180267345414 0.05
8 0.47527576229155166 0.406 0.46975634347549056 0.065
5 0.8740201194144024 0.385 0.15787270401018122 0.075