0 0.16653806085294304 0.38811495933800827 0.3247447074220214 0.0677700813239835
3 0.531647902762558 0.3073561637683233 0.35976797952895956 0.07017734319540136
9 0.8897362240610881 0.4397079107065946 0.14063998294079966 0.05662904748567189
7 0.5880387614512842 0.46922199885425825 0.24362834688733073 0.05682756099298763
2 0.5885733193125209 0.42921036280078906 0.243686527154676 0.061827560992987626
4 0.48476089736470884 0.6184437844685121 0.432837795849774 0.07702677509864451
10 0.5432547290388036 0.5742572573138361 0.13360507478039244 0.05354759511138809
6 0.6601383685041128 0.5628958390579533 0.11658180267345415 0.051349782202413735
1 0.759533644022891 0.5527380517377792 0.10660507478039244 0.05323342166772318
8 0.48321841968171386 0.399932148415043 0.4638494319032432 0.07838749275618624
5 0.875898428211314 0.3678591794016927 0.15688434006365037 0.07781522434117721