0 0.4869449724251903 0.379192897116214 0.304698163208145 0.06176862026253047
0 0.18310240944619363 0.4374644262936499 0.24654689451304693 0.04843118613349497
8 0.4471547716868045 0.4404285192235577 0.369698163208145 0.06214677920024246
5 0.768881324430281 0.4150551780244301 0.13362834688733075 0.05477377136485711
2 0.5523234944621062 0.45431764709340744 0.25060507478039246 0.05345445745273878
7 0.5226783940929133 0.4849921819877361 0.18652362240610887 0.046082116344837686
9 0.7719980352641426 0.46804063344990277 0.11454689451304693 0.047663232598448985
4 0.4604059977339018 0.5908616141807318 0.381674891101207 0.060216593157973876
10 0.49105109810309466 0.5601812614565921 0.11147707819223251 0.041645779109016075
6 0.5864870998090147 0.5541256587096459 0.09350035029917057 0.043541058172418844
1 0.6624114654614657 0.5471835036440132 0.07946544213876336 0.04045960855506542