0 0.17359007279438324 0.35445863350533285 0.3256981632081451 0.06567289610167062
3 0.550211901056638 0.32853919298327094 0.3656981632081452 0.06637109869879941
9 0.8953238447612769 0.5160262802536495 0.1416283468873305 0.05646116415487859
7 0.5872074842265861 0.5006501202557586 0.2475934387269233 0.05531140103726966
2 0.5922304060343536 0.4597461231128638 0.2476516189942688 0.06031140103726966
4 0.46479580552511607 0.6349856922046595 0.4397679795289596 0.07366277350348764
10 0.5283536354932908 0.5981028163600655 0.1345934387269233 0.05333897870038118
6 0.6469176337873709 0.6056712415540593 0.11757016661998523 0.05104224259660146
1 0.7489583599745127 0.6109516581767375 0.10758180267345414 0.05186769194731915
8 0.48971260165497926 0.41346570649018555 0.47175634347549045 0.07322133558119048
5 0.89045695877783 0.4414564599939367 0.15887270401018122 0.07775790025865842