0 0.1695543768805457 0.37834517558329944 0.3268552981814827 0.05469035116659893
3 0.544541983114709 0.3269082799963093 0.3648203880516262 0.053353643633871115
9 0.9017911558409034 0.4905961005133624 0.1408552981814828 0.051443709089950405
7 0.5944744340226495 0.4957286680479355 0.24673311272698514 0.04629394597234159
2 0.5957587763605927 0.45476357817779195 0.2468203880516262 0.05129394597234148
4 0.4825054184372412 0.6387300631136545 0.43889020831133907 0.058645318438559114
10 0.5427897607751843 0.5987948220742759 0.1338029329866979 0.048321523635452876
6 0.6617199405154714 0.5968719748007338 0.11678547792176983 0.047024787531673155
1 0.7646501202557585 0.5946698464883402 0.10682038805162619 0.048850236882391075
8 0.49061293895824865 0.4159395238927932 0.4708552981814827 0.0572038805162623
5 0.8914907535037512 0.4159390049290084 0.15722185454497503 0.07272299012880194