0 0.16691588229151763 0.38139085868872624 0.32561671083386146 0.05678171737745254
3 0.5371595388160272 0.32070783452575663 0.36162834688733053 0.05820061530233954
9 0.8934049468363898 0.4748328154805472 0.1405934387269233 0.05262904748567189
7 0.5890969417186297 0.4877896371992109 0.24452362240610864 0.04783919704645666
2 0.5901198635263972 0.44680709127941454 0.24458180267345414 0.05283919704645666
4 0.479784169471647 0.6314980352641426 0.43466325504773784 0.06205004720558281
10 0.5397954552259455 0.5902020164990222 0.13157016661998522 0.050524323004450256
6 0.6567256389051308 0.585563434754905 0.11553525845957802 0.04733814614894481
1 0.758161640611051 0.5812444941820171 0.10657016661998522 0.050233421667722954
8 0.48520678362824476 0.41009112369189515 0.4656632550477378 0.062410764863124316
5 0.882049696906412 0.40121063691912184 0.1558261597963051 0.07280358828770818