0 0.49329938469766044 0.36678893660086964 0.30670979926161407 0.06456063236154
0 0.18564194767665715 0.4197166681858606 0.24855853056651608 0.05088574126033302
8 0.45057794938257717 0.4283002223551681 0.37269816320814503 0.06432861189049958
5 0.7758572146658352 0.4080819397326206 0.13462834688733075 0.05555923116485735
2 0.5564208626607445 0.443033644022891 0.25260507478039246 0.054932285474209266
7 0.5255543269764683 0.47417874439208396 0.18752362240610887 0.04717594199871883
9 0.7772405038319736 0.46110521183955877 0.11655853056651586 0.04934978220241385
4 0.46032672333547997 0.5789340369700626 0.384686527154676 0.06346824453212867
10 0.49266998691281794 0.5498063906810733 0.11247707819223239 0.042303237988537606
6 0.5887339852068978 0.5454234518141055 0.09450035029917081 0.04409378902609387
1 0.664309619554447 0.5398019738510214 0.07946544213876336 0.04091924822405781