0 0.4902049574983521 0.3846783940929133 0.30122689536262715 0.042502452094194496
0 0.1834085815417355 0.4161061256779043 0.2431745348943287 0.03282756099298763
8 0.44554239162738746 0.4421547716868045 0.36719780621357245 0.038270431623154084
5 0.7675365737975764 0.4449015809038498 0.12926180234149295 0.046501050897511956
2 0.5496645660534175 0.4643649212475893 0.24720362404338356 0.03787410520686399
7 0.5168332831179353 0.49298093148310956 0.18318035272413954 0.03312939778484247
9 0.7658449187775572 0.4978783087969116 0.11222689536262714 0.040303237988537376
4 0.4474150660990308 0.5921664077402736 0.3791803527241395 0.03541006426478316
10 0.48025216686432404 0.5645503975047534 0.10818617055395055 0.03325669377466102
6 0.5762579846941349 0.5666674586377856 0.09121525970300536 0.03805888086568666
1 0.651252166864324 0.5665401626479668 0.07620362404338357 0.0358843400636506