0 0.51 0.37459791688660904 0.298 0.06420160934860883
0 0.2065 0.39389552909232306 0.242 0.05122412571262862
8 0.4625 0.42892703247069935 0.362 0.06431873350401475
5 0.7785 0.4449112319533826 0.13 0.05526915844066821
2 0.5625 0.45568152597787764 0.245 0.05527649090741329
7 0.5285 0.48277499818543695 0.182 0.04617682181693567
9 0.773 0.4975072348104878 0.112 0.047954967271960414
4 0.453 0.5770928555875174 0.374 0.06352819428315343
10 0.487 0.5514993833799581 0.109 0.04090260207717574
6 0.5805 0.5578673348091697 0.091 0.04358841090846772
1 0.6555 0.5605582049395534 0.077 0.0403440399994729