0 0.16114860336089934 0.3995 0.313826159796305 0.071
3 0.5236711748694962 0.3155 0.365837795849774 0.072
9 0.8892187699808844 0.4485 0.14368652715467578 0.059
7 0.5840853056651606 0.48 0.247686527154676 0.059
2 0.5831082274729281 0.439 0.2487447074220213 0.064
4 0.4808656218459306 0.633 0.4399425203309959 0.081
10 0.5393361814130873 0.5875 0.13563998294079965 0.055
6 0.6576907307447236 0.575 0.11861671083386136 0.053
1 0.7590627341565637 0.564 0.10962834688733074 0.054
8 0.47476496389559014 0.4095 0.4719541563844649 0.082
5 0.8748518839974376 0.374 0.16093088427752672 0.08