0 0.16503042260402342 0.34615482441670054 0.31631998063960254 0.06051580051731673
3 0.5432948004966798 0.2990480823413702 0.3743257984694135 0.06252819428315343
9 0.8993449187775572 0.47335153429185295 0.14530834497998057 0.05553098441459156
7 0.5833158296285024 0.47386733480916965 0.25227925583092586 0.05239867636191082
2 0.5885656629466314 0.43077133195206446 0.25230834497998056 0.057398676361910816
4 0.4591390525467526 0.6175492179251969 0.4503490697886574 0.0678547792176978
10 0.5244150660990308 0.5779059111723986 0.13629089149054766 0.052373888830237546
6 0.6464267017586527 0.5777763932511562 0.11927925583092587 0.050077152726457824
1 0.7514354285033692 0.5774436114336932 0.1102908914905479 0.05192005714210381
8 0.48281840517966573 0.3901128413019915 0.4823490697886574 0.06841334129540087
5 0.8938998547970191 0.396938809616494 0.1614363372358216 0.07781026545344298