0 0.16802642479947394 0.3899512151740912 0.3277679795289596 0.06790243034818241
3 0.5376188126288853 0.31410672111905014 0.36476797952895956 0.06811769005118777
9 0.8997304060343536 0.45470404876589954 0.14265161899426881 0.056826131833155616
7 0.5950445794780188 0.47992961067355816 0.2466283468873305 0.05543118613349497
2 0.5945675012857864 0.4389296106735582 0.24669816320814517 0.06143118613349498
4 0.48977835144491244 0.628307102883786 0.43784943190324316 0.07554239162738759
10 0.5487780011457419 0.5856532637575378 0.13461671083386137 0.05377958919466801
6 0.6661558225843164 0.5758368587603251 0.1185934387269233 0.05168650391769279
1 0.7675510981030946 0.567427368486137 0.10860507478039244 0.052628325619583166
8 0.4882009656015102 0.40681292071359687 0.46984943190324313 0.07572856218133803
5 0.8858751561043758 0.3811284169783571 0.15890761217058866 0.07891921711013095