0 0.174 0.36798769761289374 0.332 0.0449315194972371
3 0.555 0.31277110445491974 0.367 0.044135143540620675
9 0.911 0.4756999570422197 0.141 0.04782031400334472
7 0.6 0.4835093021134268 0.248 0.03944282179311699
2 0.603 0.441491848623994 0.248 0.04444282179311699
4 0.481 0.6282016238609305 0.442 0.04557148077644228
10 0.544 0.5878351005828404 0.133 0.044773771364857114
6 0.665 0.5851311431757147 0.116 0.04367486825807077
1 0.768 0.5825319067051862 0.106 0.04661668995996115
8 0.497 0.4031085385839552 0.474 0.044757651330392834
5 0.903 0.4007464996807073 0.156 0.06890758145050904