0 0.15792878248250292 0.39386176855505356 0.31585756496500583 0.07572353711010714
3 0.5279335496117256 0.3126845624188185 0.3718610679567123 0.07831697583703044
9 0.8963685004201336 0.45148990220237983 0.14668652715467578 0.060698863806486314
7 0.5844845106556538 0.48086527154675995 0.25169816320814514 0.06292064942074023
2 0.5854732249013554 0.43887108957349447 0.25275634347549064 0.06793228547420926
4 0.47768092236794574 0.6346434859325061 0.446954156384465 0.08718967984721167
10 0.5377219988542581 0.5888358311139166 0.13766325504773794 0.05859413932526468
6 0.6578674495226217 0.5777321575302067 0.12061671083386136 0.05439632641629032
1 0.7614954461107817 0.5679364890642571 0.11163998294079966 0.05629160193506823
8 0.476822306505428 0.40760275974536425 0.4789657924379341 0.08856203355822242
5 0.8827295683768459 0.37732117942707805 0.16294252033099588 0.08288504066199175