0 0.17603945246516328 0.34501096893213756 0.3387680228568416 0.045966426476102926
3 0.5621143340239678 0.28975946879529785 0.37375056779191346 0.04517005051948627
9 0.9260467849319083 0.455659232233543 0.1438378431165545 0.04883194966296662
7 0.6101340602565495 0.46249766645380486 0.2516807475322005 0.040460275282549786
2 0.6134009475295643 0.4204743951345611 0.2517680228568415 0.04546027528254979
4 0.4926999548009974 0.6101958060311194 0.44976802285684153 0.04661220558511877
10 0.5559842971389404 0.5688234649232183 0.13578547792176981 0.0457854070244789
6 0.677949387009084 0.5661136896862817 0.11876802285684153 0.04468650391769279
1 0.7829144768792275 0.5635028175561315 0.10880293298669813 0.04662832561958317
8 0.5057027449324356 0.3810969029243333 0.48175056779191333 0.04579837613906955
5 0.9177027449324355 0.3786999570422197 0.16020439948004697 0.06992503493994195