0 0.48936707532727736 0.3771143564137661 0.2948378431165545 0.04971044196442085
0 0.19059032493797165 0.42334806969743083 0.23864583740234405 0.038384643495007364
8 0.4463634090939048 0.4348587052658263 0.35878547792176985 0.04708278307232194
5 0.7600728698730433 0.42103481562009176 0.12782038805162618 0.04773886438599129
2 0.5475579454576609 0.4517681955400143 0.24173311272698517 0.04340209698444028
7 0.5170517485747427 0.48094273043434294 0.1796458374023441 0.03804139153616097
9 0.7591652064967761 0.47303481562009175 0.11073311272698516 0.042639961279205066
4 0.4497975145494569 0.5818237982869605 0.3707680228568415 0.04615259703005358
10 0.4812862563674469 0.553643445562821 0.10662838233741581 0.03661668995996115
6 0.5743298940297675 0.5506023873904021 0.08968074753220048 0.03951778685317504
1 0.6483909867570162 0.5466718679843914 0.07564583740234411 0.03743633723582161