0 0.1559671824687222 0.37085013250158444 0.3119343649374444 0.04670026500316885
3 0.5274841994826832 0.32220201649902214 0.36573311272698517 0.0462471595162159
9 0.8786041137695273 0.49132117942707804 0.1408203880516262 0.04862904748567189
7 0.5685168384448863 0.4927140028516618 0.2466632924672722 0.040862469153394844
2 0.5732324961069433 0.45176054706553814 0.24675056779191346 0.04586246915339484
4 0.4490033090952229 0.635352584595779 0.43975056779191346 0.04810822747292832
10 0.5117189667572799 0.5950740199108622 0.13276802285684153 0.04553595905791917
6 0.6317538768871364 0.5944703463271523 0.11675056779191345 0.044349782202413736
1 0.7347887870169927 0.593668859834468 0.10680293298669813 0.04723342166772295
8 0.4689132436391436 0.4115387614512843 0.47173311272698515 0.04748058118393885
5 0.8719132436391436 0.41622809099932545 0.1571694893501906 0.0688152243411771