0 0.4963053397835613 0.37858789194468306 0.30363998294079964 0.060288884673249866
0 0.19239877851048465 0.4242728246740408 0.2445003502991707 0.04725903584248511
8 0.45550932101844094 0.438363506750162 0.3686167108338616 0.059423463893584084
5 0.7767998720559974 0.425975310124584 0.13160507478039243 0.05428661350559651
2 0.5606896798472117 0.4556962885676249 0.24855853056651608 0.05232885610219796
7 0.5295445794780188 0.48564645402238604 0.18447707819223252 0.044211731946792045
9 0.7779165828898589 0.47898403765704806 0.11452362240610887 0.04698987740181679
4 0.4657489110120691 0.5880118748020519 0.3805934387269233 0.05763292467272277
10 0.49690564743473115 0.5590617093472906 0.1104421700318253 0.03992005714210382
6 0.5928591032208548 0.5567373955803996 0.09348871424570165 0.04362332103832432
1 0.6678009229535093 0.5530465254500159 0.07845380608529422 0.04036149506440097