0 0.15399278077658288 0.37159241854949093 0.30798556155316575 0.05681516290101808
3 0.524927731584991 0.30392527694491006 0.37263998294079964 0.057164232689675375
9 0.8876299613240174 0.4563046779788169 0.14461671083386135 0.05383776749277763
7 0.5739379664417775 0.47462856762455136 0.25154689451304696 0.048460275282549904
2 0.5759383167409482 0.43161984087983496 0.2516167108338616 0.054460275282549785
4 0.45719837644814937 0.6247976180528112 0.44769816320814515 0.06260056992549698
10 0.5202045447740545 0.5809340036896264 0.13658180267345416 0.050791224854289795
6 0.641274361094869 0.5742300462825009 0.11955853056651608 0.04869232174750368
1 0.7458441774156835 0.567622083067256 0.10958180267345415 0.050634143449394056
8 0.46884557861236614 0.3972452575845126 0.480686527154676 0.06179255830925854
5 0.8775143013876678 0.3803686741067374 0.16084943190324316 0.07393085276975285