0 0.49860157178868597 0.38092636839491056 0.2955003502991706 0.044716259794231744
0 0.19864776570339168 0.4181839283665294 0.23839562581794888 0.03538464349500737
8 0.45494413476768275 0.43717620171303945 0.3604538060852942 0.04109441873194396
5 0.7700197691152318 0.4325088181034904 0.12753525845957803 0.04673886438599129
2 0.5567172317250356 0.4572696203537569 0.2424421700318253 0.03940791481425117
7 0.5248856042011666 0.48558635871471184 0.18039562581794893 0.03504720936597198
9 0.7689146943348394 0.48450590918858494 0.11046544213876336 0.04063996127920518
4 0.4567336349077273 0.5841965641173779 0.3704305339783561 0.03915259703005358
10 0.4895536263781271 0.5568856435862338 0.10739562581794894 0.03462250778977227
6 0.5825594444048615 0.5569267017586527 0.0904421700318253 0.038523604682985935
1 0.6565885345385343 0.5548572211646633 0.07640726187141808 0.0354421550656325