0 0.5 0.3932275324641088 0.301 0.0652539745433935
0 0.1945 0.40189501012853834 0.244 0.051259035842485104
8 0.452 0.44738968934755435 0.365 0.06437109869879941
5 0.7705 0.47344912752719165 0.131 0.05528661350559651
2 0.5535 0.47716137843776846 0.247 0.05531140103726966
7 0.5195 0.502567906230209 0.184 0.04721173194679204
9 0.766 0.5258705797350146 0.113 0.048972422336888484
4 0.4425 0.5957238662307364 0.377 0.0635805594779381
10 0.4765 0.5708173384382956 0.11 0.04092005714210404
6 0.5715 0.5799755696064763 0.092 0.04460586597339602
1 0.646 0.5857759719436285 0.078 0.04036149506440097