0 0.525 0.3818910719287305 0.305 0.054548996308070856
0 0.2165 0.43148079442394316 0.247 0.042874105206863876
8 0.481 0.4419030582813703 0.372 0.05132861189049959
5 0.807 0.4256097048504487 0.132 0.05153595905791917
2 0.587 0.4591696366136473 0.251 0.046920649420740236
7 0.556 0.4895303542711889 0.186 0.04016430594524968
9 0.807 0.4801097048504487 0.114 0.04532651009547567
4 0.4875 0.5938274239338212 0.384 0.04946824453212866
10 0.5205 0.5644434341693415 0.111 0.038291601935068455
6 0.6165 0.5608263730363093 0.093 0.041082152972624957
1 0.6935 0.5564303969191898 0.078 0.03890761217058866