0 0.5098212227357972 0.3834369932432475 0.2963374341290354 0.06316669921875245
0 0.20775140877806575 0.39016556363492566 0.24027343800111486 0.05118921558277225
8 0.46151287775581656 0.435599150126693 0.3603374341290355 0.06428382337415837
5 0.7758907033297865 0.46208876804661736 0.1293083449799806 0.05525170337574013
2 0.5618499785211098 0.46535338415197885 0.2432967093203588 0.05524158077755692
7 0.5277016238609304 0.4902599119444194 0.1812501666818712 0.04615936675200737
9 0.7705910850945223 0.5135014927219763 0.11126762017130386 0.047937512207032115
4 0.45116056568851165 0.5819333270098749 0.3713316162992245 0.06347582908836875
10 0.48530310251888004 0.5580267992174343 0.10822689536262727 0.04088514701224767
6 0.5787594687952978 0.5671588477882226 0.09124434885206029 0.04358841090846772
1 0.652736197476054 0.5724505225929108 0.07722689536262714 0.0403440399994729