0 0.16890992720561676 0.3515 0.33062834688733056 0.054
3 0.5488753693443802 0.3115 0.36462834688733053 0.054
9 0.8928216059070867 0.488 0.14160507478039244 0.052
7 0.5848797861744321 0.483 0.24654689451304693 0.047
2 0.5898626823933991 0.4415 0.24660507478039245 0.052
4 0.46177401079569846 0.621 0.4386748911012069 0.058
10 0.5252161808275236 0.583 0.13357016661998522 0.049
6 0.6441870906938509 0.5855 0.11654689451304694 0.047
1 0.7461696366136473 0.587 0.10757016661998522 0.049
8 0.48785139663910065 0.3995 0.4706632550477378 0.057
5 0.8886884918905334 0.4135 0.157837795849774 0.072