0 0.5182282288175959 0.38900420359004767 0.29722689536262736 0.04245590788031814
0 0.21543185286097935 0.420478479388915 0.24117453489432863 0.03280428888604933
8 0.47455984511682037 0.44549221723740795 0.36319198838376154 0.03722388740927772
5 0.7925540272870094 0.44819248224057684 0.12825598451168208 0.045489414844042814
2 0.5766878373726614 0.46867909469125457 0.24419780621357245 0.03683919704645666
7 0.5448507366073682 0.4963067409802439 0.18118035272413954 0.03310612567790429
9 0.79186237226699 0.5011808461871078 0.11022689536262714 0.04027996588159931
4 0.4764267017586527 0.5945038532908771 0.3751803527241395 0.0353635200509068
10 0.5082696203537569 0.5678762070018878 0.10718617055395066 0.0332450577211921
6 0.6032754381835679 0.5699816320814507 0.09020944187319446 0.037047244812217744
1 0.6772696203537568 0.569842700038163 0.07619780621357244 0.0348843400636506