0 0.16881620285446897 0.38767227948162875 0.3251345792203342 0.07065544103674255
3 0.535454707790068 0.3032488155880447 0.36315203428526227 0.07231873350401474
9 0.8963547792176979 0.4344911748112787 0.1419774836359802 0.058461164154878585
7 0.5928086109058315 0.46579751454945684 0.24594257350612383 0.05827649090741329
2 0.5920929532437746 0.4247975145494568 0.24602984883076487 0.06327649090741329
4 0.48940941558013606 0.6166477514318478 0.43625676467483165 0.07959295324377444
10 0.5481501202557586 0.5721091750686189 0.13392511844119553 0.055321523635452875
6 0.6654755696064764 0.5600582049395533 0.11787275324641086 0.05204224259660145
1 0.7658184740221224 0.5493039709142674 0.10790766337626746 0.05386769194731914
8 0.4865518462309999 0.39563029636691965 0.4672742197397599 0.08113406025654944
5 0.8830718319454738 0.36120063559041726 0.15834403999947289 0.07974044519373012