0 0.498783406842026 0.381 0.2993141628097917 0.054
0 0.19649542426638372 0.4305 0.24225016668187108 0.043
8 0.4564401548831796 0.44 0.3643025271501697 0.052
5 0.7740419669048713 0.4225 0.13029670932035878 0.051
2 0.5603499785211098 0.4555 0.24527343800111498 0.047
7 0.5296696257969702 0.4865 0.18223271319243828 0.04
9 0.7752336219248908 0.4755 0.11226180234149297 0.045
4 0.4640732982413473 0.589 0.3762967093203588 0.051
10 0.49574783313567594 0.559 0.10922107753281625 0.038
6 0.5897652866251089 0.556 0.09223853102224916 0.041
1 0.6647972846890691 0.5505 0.07822107753281625 0.038