0 0.15394623656270656 0.37427700987119805 0.3078924731254131 0.05344598025760388
3 0.5243055530235656 0.30828372571790114 0.3705585305665161 0.054458374023440455
9 0.8819496024952466 0.4615086298762069 0.14357016661998523 0.05149607428473507
7 0.5703157878803522 0.47844588260134663 0.2504887142457014 0.046363766232054335
2 0.5728045021260536 0.43641097247149024 0.25054689451304696 0.05136376623205433
4 0.4521052880203967 0.6274793976654839 0.4455934387269234 0.05876750389305698
10 0.5145940022660983 0.5843971836399346 0.13554689451304694 0.049356433765309245
6 0.6356405464799746 0.5782851207836202 0.11852362240610864 0.04705969766152975
1 0.7396870906938509 0.5724697940310856 0.10855853056651608 0.049885147012247444
8 0.46673503610440986 0.4012699368863454 0.47758180267345424 0.05832606597075983
5 0.8738164884786934 0.38716572546056083 0.1588261597963051 0.07375790025865843