0 0.499886792157845 0.37123433550606855 0.2966748911012069 0.06144427182684899
0 0.20352677509864459 0.42969024338638667 0.24054689451304695 0.049792652832580414
8 0.4605733193125209 0.4306997776448319 0.3606748911012069 0.06218897924887051
5 0.7743056900827319 0.40404605685553935 0.12961671083386136 0.054501050897511956
2 0.5637362240610881 0.44350126413751617 0.2435934387269233 0.053827560992987626
7 0.5340853056651607 0.47385034574158874 0.1815003502991708 0.0451061256779044
9 0.7774107648631243 0.45601696672186665 0.11153525845957801 0.047291601935068456
4 0.4732780011457418 0.577071781056672 0.37166325504773784 0.06131697583703044
10 0.5039405555951384 0.5477110633991303 0.10845380608529433 0.04025669377466102
6 0.5968765573010585 0.5411289104265055 0.09148871424570143 0.04305888086568666
1 0.6708009229535093 0.5337678424697933 0.07745380608529422 0.039895976117119515