0 0.15562059896609323 0.3653930368759816 0.30731998063960253 0.05678607375196327
3 0.5257337132836647 0.3010485428209406 0.3743257984694135 0.05817586834929728
9 0.8931383858192683 0.45868077744665575 0.14530834497998057 0.053843585322588525
7 0.5777372889260545 0.4738452521412993 0.25227925583092586 0.0494660931123608
2 0.5799929400739944 0.43185979671582675 0.25230834497998056 0.054466093112360794
4 0.46360996339769783 0.6231762017130396 0.4503490697886573 0.06261802341493013
10 0.5258597967158266 0.5805398160762243 0.1362908914905479 0.050791224854289795
6 0.6478219808220554 0.5747495913131607 0.11927925583092587 0.04869232174750368
1 0.7527899827580952 0.5698604634433111 0.1102908914905479 0.050639961279205184
8 0.4712805892858945 0.394728562181338 0.48234906978865727 0.06280419396888055
5 0.8821962307536356 0.3826196902336407 0.1614363372358216 0.07593667059956374