0 0.15826022688155614 0.3885 0.3123781589377121 0.065
3 0.5248035272413962 0.31 0.3713956124271449 0.068
9 0.8931209323298354 0.4505 0.14533161629922461 0.057
7 0.5822838315645421 0.4785 0.2513199806396026 0.055
2 0.5820394827124821 0.4365 0.2513490697886573 0.06
4 0.47466814169580734 0.6305 0.4464305194060107 0.074
10 0.5344092482692198 0.586 0.1373141628097917 0.054
6 0.6548481610562048 0.5755 0.12029670932035878 0.051
1 0.7587958005879062 0.5665 0.11030834497998057 0.053
8 0.473350403243626 0.404 0.47843633723582174 0.075
5 0.8801845950940137 0.3755 0.16145960855506541 0.079