0 0.15300515110232663 0.37020804776576094 0.30601030220465325 0.06358390446847807
3 0.5217575599716189 0.29340852600893413 0.3753607054482793 0.0663635200509068
9 0.8903965211595974 0.4371090042521074 0.14531998063960258 0.05668722775301728
7 0.574765619988851 0.46328017912160363 0.25330252715016965 0.054943921527678415
2 0.5760099688409112 0.42126854306813455 0.2533316162992244 0.05994392152767841
4 0.46188130985758574 0.6165834171101411 0.451389794597334 0.07224786011455717
10 0.5236402032841733 0.5713677998217924 0.1373025271501697 0.053594139325264675
6 0.645686745922661 0.561948201298564 0.12029089149054789 0.05139632641629009
1 0.7502303796462432 0.5532322337110447 0.11030252715016968 0.05327996588159931
8 0.4672106839693891 0.38803687289626476 0.483395612427145 0.07362021382556792
5 0.8788357673103246 0.3617486368937364 0.16244797289544363 0.07888504066199176