0 0.17028206767662316 0.36606841512413196 0.32750035029917063 0.04680498948439072
3 0.5456769928962308 0.30969325901975614 0.3624770781922325 0.04521225135580869
9 0.8975620335582225 0.46762064030557643 0.139535258459578 0.047617411432202744
7 0.5906318498790369 0.47719290872058545 0.24443053397835615 0.03983919704645666
2 0.5941547716868044 0.4361463645067091 0.2445003502991708 0.04583919704645666
4 0.47628416947164703 0.6205426909229993 0.43550035029917056 0.04806168325905173
10 0.5378187273328837 0.5798212556079161 0.13151198635263972 0.04552432300445025
6 0.6557954552259455 0.5764482012985641 0.1155003502991708 0.04433814614894482
1 0.7577721831190072 0.5732613238447175 0.10552362240610864 0.0462217856142538
8 0.4897009656015102 0.3983565140674939 0.4674770781922325 0.046434036970062605
5 0.8887009656015102 0.39371372873332916 0.1547796155824285 0.06879195223423903