0 0.495 0.3867598464671969 0.303 0.058525724201132674
0 0.191 0.4342224862125952 0.244 0.04583919704645666
8 0.453 0.44677113222149534 0.368 0.05728206767662312
5 0.7745 0.4325121234118061 0.131 0.05352432300445002
2 0.558 0.46349291783574925 0.248 0.050885741260332906
7 0.5265 0.4936263821514731 0.184 0.04314103383831162
9 0.775 0.4855179414385406 0.114 0.04632651009547567
4 0.4615 0.5963700386759826 0.38 0.05542170031825208
10 0.493 0.5672365743602588 0.11 0.03927996588159931
6 0.589 0.5643536354932909 0.093 0.04308215297262495
1 0.664 0.5602263395034722 0.078 0.03990761217058866