0 0.493 0.38686819009680096 0.299 0.05573953111347555
0 0.192 0.4361170233237034 0.242 0.04440791481425117
8 0.451 0.44612384124474086 0.364 0.054117690051187765
5 0.7695 0.43047682003953014 0.13 0.0517563178754242
2 0.555 0.46322889554508023 0.245 0.04842536830368408
7 0.5245 0.4925514517358461 0.182 0.041058845025593885
9 0.7705 0.4834826378693411 0.112 0.04565159693882697
4 0.46 0.5946762017130395 0.376 0.0531875040089194
10 0.4915 0.5663594633520845 0.109 0.03863414344939429
6 0.586 0.56290924826922 0.092 0.04153524034260772
1 0.66 0.5583397676752305 0.078 0.03845379072525452