0 0.1815958908211178 0.3550982740247587 0.328686527154676 0.0647252612964553
3 0.5572177190833725 0.32916137843776844 0.3626981632081452 0.06631873350401475
9 0.8983122087078077 0.5150786454484342 0.14061671083386137 0.05544370908995051
7 0.5941958481731169 0.4997723057102561 0.24558180267345414 0.05427649090741329
2 0.599224588007619 0.45936830856736127 0.24563998294079967 0.05927649090741329
4 0.4727667153914434 0.6326253327240853 0.4357563434754905 0.07259295324377467
10 0.5353361814130873 0.596725001814563 0.1325934387269233 0.053304068570524575
6 0.6533885436536981 0.6032846994760926 0.11655853056651608 0.05002478753167316
1 0.7554350878675744 0.6090651160987709 0.10658180267345414 0.05185023688239107
8 0.4967184196817138 0.41408789194468304 0.46675634347549044 0.07313406025654945
5 0.8944627768045645 0.44202628025364954 0.1568610679567123 0.07672299012880193