0 0.17739108441327342 0.335504416830052 0.3241345792203342 0.06875844527051436
3 0.5544459802576038 0.30561180664547255 0.3661520342852623 0.0702471595162159
9 0.8967275324641089 0.4896671845194528 0.1429949387009083 0.058652319592609956
7 0.5899395238927932 0.47673363490772724 0.2479600285710519 0.057874105206863875
2 0.5947325937632004 0.43616963661364727 0.24804730389569318 0.06287410520686387
4 0.4642872301256385 0.61272304975177 0.44027421973975983 0.07810822747292832
10 0.5296675753206868 0.5764550702228105 0.13592511844119554 0.05457086721832639
6 0.6482810332427202 0.581576197886724 0.11889020831133894 0.052373054309352025
1 0.7503683085673613 0.5853893204328774 0.10890766337626746 0.05325669377466102
8 0.4919209332440383 0.39085651406749394 0.4722916748046881 0.07948058118393886
5 0.8934184025944925 0.414690456626391 0.16036149506440098 0.07985013250158443