0 0.16879472441801863 0.35753630935708985 0.32492511844119554 0.05677008132398351
3 0.5419580168852909 0.32387073927432386 0.3589251184411955 0.05716570714193233
9 0.8789382906527092 0.5008269974538127 0.13989020831133916 0.05261741143220274
7 0.5760342935098145 0.49180127325267997 0.24278547792176983 0.04781592493951848
2 0.5822324961069432 0.45186527154676 0.24287275324641086 0.052815924939518484
4 0.45416040467957686 0.6264107648631243 0.4319949387009084 0.0620151390451756
10 0.5178062420819209 0.5901438362316767 0.1318378431165545 0.049524323004450026
6 0.6347713319520645 0.5935052544875595 0.11480293298669812 0.04732651009547567
1 0.7347451493546721 0.5961688598344681 0.10585529818148279 0.050221785614253805
8 0.4814568813014642 0.40918421211964784 0.4629949387009084 0.0623758567027171
5 0.8747125103924691 0.42776299915973265 0.15523930960990356 0.07279195223423904