0 0.5172253199026905 0.39148935843803206 0.29828507366073675 0.05420160934860883
0 0.21336203890324787 0.4096830186998539 0.24222107753281624 0.04222412571262862
8 0.4705482094571985 0.4461689703864058 0.3642676201713039 0.05235364363387123
5 0.789606387755308 0.4617371360985072 0.12927925583092587 0.050251703375740135
2 0.5731965641173778 0.4734581145415481 0.24524434885206028 0.04627649090741329
7 0.5403536455222736 0.4998820973989169 0.18221525970300537 0.04017682181693567
9 0.7859147327352887 0.5146673158387943 0.11125016668187118 0.04493751220703211
4 0.46741506609903083 0.595099150126693 0.3762559845116821 0.0505631044130098
10 0.5012638025239459 0.5696926223342523 0.10820944187319435 0.03788514701224767
6 0.5962899827580952 0.575850853502433 0.09122689536262715 0.04058841090846772
1 0.6702987095028117 0.5786425283071213 0.07721525970300536 0.0383440399994729