0 0.1644775164107246 0.37406841512413197 0.3289550328214492 0.05283989764479793
3 0.5411557479499273 0.31068162296628704 0.3642734380011148 0.05123552346274687
9 0.8947365308397962 0.4645566420114965 0.140285073660737 0.05062904748567189
7 0.5871754436267812 0.47863472845324 0.24624434885206006 0.04486246915339484
2 0.5894139746490303 0.4376114563463019 0.24627343800111498 0.04986246915339484
4 0.47183185830419266 0.6249670565754503 0.4382967093203588 0.05609659141945895
10 0.5330703893264418 0.5832572573138362 0.13326762017130386 0.04754759511138809
6 0.6520936606456856 0.577872566951015 0.11626180234149297 0.04634978220241374
1 0.7541169319649296 0.5726856894971684 0.10627343800111476 0.04823342166772295
8 0.48513214326694115 0.40132742393382126 0.4702850736607368 0.05446894513046982
5 0.8861728680756179 0.38966136649271826 0.15640724808676693 0.07181522434117721