0 0.4985 0.3741994273456613 0.293 0.06140936366644178
0 0.2055 0.4311087910121031 0.237 0.04775774467217309
8 0.4595 0.4331532334309556 0.356 0.06114243503499415
5 0.771 0.4070286027753357 0.128 0.053489414844042814
2 0.561 0.44597217400384354 0.241 0.05380428888604934
7 0.532 0.47530961955444695 0.179 0.044082853570966106
9 0.7725 0.4580111486951321 0.11 0.04627996588159931
4 0.4705 0.5775252368427958 0.368 0.06028206767662323
10 0.501 0.5481703372119886 0.107 0.0392450577211921
6 0.5925 0.5416056383195673 0.09 0.043047244812217514
1 0.6655 0.5347562064163242 0.076 0.03988434006365037