0 0.5179042462380485 0.3874631758406397 0.29367489110120687 0.06311433402396778
0 0.2205496969064121 0.394770294024495 0.2375236224061088 0.04913685038798758
8 0.47152095707191005 0.4396427877890135 0.3566632550477377 0.0632140031144454
5 0.7822594961680264 0.4655625854492251 0.12860507478039243 0.05423424831081183
2 0.5703351305155753 0.4683621116844429 0.2415934387269233 0.055206670647700434
7 0.537631849879037 0.4932860945418117 0.17948871424570165 0.045124456622151005
9 0.7783529348949496 0.516484037657048 0.11052362240610865 0.046920057142103816
4 0.46420236679819277 0.5839856922046596 0.3686516189942688 0.06242346389358409
10 0.49791728348820014 0.5600791644122189 0.1074421700318253 0.039867691947319144
6 0.5895045538892184 0.5691763028531509 0.09048871424570143 0.04357095584353965
1 0.6625510981030946 0.5744505225929107 0.07645380608529422 0.0403265849345446