0 0.1665 0.38040626831054825 0.328 0.05972526129645542
3 0.5405 0.3219344625937016 0.363 0.060336188568943044
9 0.896 0.47863973817568295 0.141 0.0534611641548787
7 0.5905 0.49030721584011244 0.245 0.04927649090741329
2 0.592 0.4493333984375048 0.245 0.05527649090741329
4 0.4785 0.6333522485681522 0.436 0.06561040830870297
10 0.539 0.5929082799963094 0.132 0.05130406857052458
6 0.657 0.5889679776578389 0.116 0.04902478753167316
1 0.7585 0.585239666748053 0.107 0.050867691947319146
8 0.4865 0.4119918890875779 0.468 0.06516897038640582
5 0.8855 0.4049564599939367 0.156 0.07472299012880194