0 0.5212921335867424 0.3855914739910658 0.3013490697886573 0.0635024520941945
0 0.21571941071410553 0.39453665965626045 0.24427343800111492 0.04983919704645666
8 0.4729808796918563 0.4385329434245498 0.3653374341290355 0.0622471595162159
5 0.7913557963509209 0.4637390264544532 0.13130834497998056 0.05452432300445002
2 0.5743150715422441 0.46821400285166187 0.2472967093203588 0.05387410520686387
7 0.5391608990522537 0.49430674098024385 0.18425598451168207 0.04614103383831161
9 0.7860503602858457 0.5161808461871078 0.11327343800111475 0.048314874042006524
4 0.462614023050024 0.5874224009165935 0.3773316162992244 0.061386792157844865
10 0.49675946879529786 0.5628180267345423 0.11022689536262727 0.04027996588159931
6 0.5912129261568102 0.5719176337873708 0.09225016668187118 0.044070516919155804
1 0.6661896548375664 0.5767903377975522 0.07822689536262714 0.03990761217058866