0 0.1615509610439283 0.36109750525780465 0.3231019220878566 0.05980498948439072
3 0.5405382740929473 0.2911699869128179 0.37263998294079964 0.059328611890499476
9 0.9032463218587083 0.44092864542333654 0.14461671083386135 0.05467559169954825
7 0.588560145003203 0.4605881842393637 0.25154689451304696 0.04992064942074023
2 0.5915488592489044 0.418559094105691 0.2516167108338616 0.05592064942074035
4 0.47280891895610566 0.6124146943348394 0.44769816320814515 0.06520131590068082
10 0.5358150872820109 0.5681874409930215 0.13658180267345416 0.05158250327179553
6 0.6568849036028254 0.5607794785232623 0.11955853056651608 0.04938469036282095
1 0.76195471992364 0.5535576929090085 0.10958180267345415 0.05126832982813016
8 0.48345612112032244 0.3848216059070867 0.480686527154676 0.0645853056651606
5 0.8936248438956241 0.36555082398476196 0.16084943190324316 0.07486176855505357