0 0.5159042462380485 0.3695717342892167 0.2925585305665161 0.05309687895903949
0 0.21916605744110296 0.39725588857289734 0.23743053397835615 0.04113685038798758
8 0.47153841115211365 0.4248572122109865 0.3565119863526397 0.050214003114445405
5 0.78314895366007 0.42891995948584666 0.12654689451304693 0.04919933818095547
2 0.5708118584086371 0.44662916078309295 0.24048871424570165 0.046189215582772246
7 0.539120213825568 0.4736877228607959 0.178418897924887 0.0391070015572227
9 0.7802423923869933 0.4799810522130955 0.10948871424570143 0.043902602077175744
4 0.46921982087839637 0.5694270324706994 0.36850035029917055 0.04942346389358408
10 0.5014231015149347 0.5433597428605322 0.10640726187141808 0.03685023688239107
6 0.5934696457288111 0.5457538768871363 0.08945380608529421 0.04055350077861135
1 0.6664870998090147 0.5459796571473764 0.07543053397835615 0.0383091298696163