0 0.15552187091025563 0.3681673215786192 0.31104374182051125 0.06366535684276164
3 0.5250440921196818 0.29085034574158874 0.37170979926161407 0.06531697583703044
9 0.8883277742329919 0.43410318622537286 0.14462834688733073 0.05567559169954825
7 0.576071781056672 0.4597336349077273 0.2515934387269233 0.053920649420740235
2 0.5780604953023735 0.41771618082752365 0.2516516189942688 0.05892064942074023
4 0.4628263730363093 0.6110310548695301 0.4467679795289596 0.07118967984721167
10 0.52532672333548 0.5673096195544469 0.13660507478039244 0.053582503271795534
6 0.6459256297899671 0.5574074751114222 0.11957016661998524 0.05038469036282095
1 0.7500129001909853 0.5486973255506375 0.10960507478039244 0.053268329828130394
8 0.470461939147057 0.38447287460218477 0.4787796155824286 0.07256203355822242
5 0.8772062962699078 0.3587428188670019 0.16088434006365038 0.07786176855505357