0 0.4985782996817478 0.37122010234110653 0.2905003502991706 0.048061968829183115
0 0.20363612964992261 0.4143606189624666 0.2343839897644798 0.037084485193202905
8 0.45493249871421365 0.42747067013301987 0.3544421700318252 0.04417909298458903
5 0.7650023150350281 0.4160596000052725 0.12552362240610887 0.04718188311602717
2 0.5547055956715665 0.44522516364019815 0.23943053397835615 0.04117176051784395
7 0.5238739681476976 0.4742575431205088 0.1763839897644798 0.03607209142736633
9 0.7638972402546358 0.46806832753773653 0.1084654421387636 0.041885147012247444
4 0.45674527096119644 0.5724095774057711 0.365418897924887 0.04237109869879942
10 0.48856526243159615 0.5443597428605323 0.1053839897644798 0.034832781817463
6 0.5805710804583307 0.5422538768871363 0.08843053397835615 0.038536045713683055
1 0.6536001705920035 0.5384796571473764 0.07539562581794894 0.0353091298696163