0 0.17028049792712052 0.3825035756423898 0.3373257984694135 0.05796060864629203
3 0.553667383609549 0.3182318044599857 0.3723199806396026 0.057164232689675375
9 0.9172685289037565 0.47485240342607893 0.14430834497998057 0.05383776749277763
7 0.6036696257969701 0.49002851378034445 0.25127343800111496 0.048460275282549786
2 0.6054227013937468 0.44653724052506083 0.25130834497998056 0.054460275282549785
4 0.4888027691551379 0.6383652811818955 0.4473490697886573 0.06260056992549698
10 0.5505558447519145 0.5952230777152693 0.1362908914905479 0.050791224854290024
6 0.6725907517307802 0.5899328529522059 0.11927925583092587 0.04869232174750368
1 0.7766227497947404 0.5850379072525452 0.1092908914905479 0.050634143449394285
8 0.49862632543713015 0.4109147327352886 0.4803432519588464 0.06179255830925854
5 0.9082106839693891 0.39879713404287487 0.1604247015761998 0.07393085276975285