0 0.5340892870104021 0.38363801820494214 0.3049600285710519 0.05853736025460171
0 0.22489475064664594 0.39753665965626045 0.24675056779191334 0.04586246915339484
8 0.48704058804899 0.4375794876384261 0.3699251184411955 0.05729370373009226
5 0.8098111415553774 0.45683211488220593 0.13290766337626747 0.05353595905791917
2 0.5900118748020519 0.4657721831190073 0.24983784311655427 0.050897377313802054
7 0.5564918890875779 0.4928765573010584 0.18573311272698514 0.04415266989178076
9 0.8062537150615011 0.510779752641595 0.11478547792176982 0.04632651009547567
4 0.48266757532068677 0.5879980352641426 0.38190766337626725 0.05643333637172145
10 0.5167311986974813 0.5633994791088259 0.11168074753220049 0.04029160193506823
6 0.6128359290870505 0.5705165402418582 0.09373311272698492 0.04308215297262495
1 0.6888882942818352 0.5744008803055085 0.07968074753220049 0.03991924822405781