0 0.1625 0.39333644805083534 0.325 0.06667289610167063
3 0.5415 0.3259519176586298 0.377 0.06958055947793809
9 0.913 0.4824364742794627 0.146 0.057548439479519854
7 0.5955 0.49839449116475354 0.255 0.05645104155669549
2 0.5975 0.45642940129461 0.255 0.061451041556695486
4 0.4835 0.6494395238927932 0.453 0.07590714441248246
10 0.545 0.6065130103858785 0.138 0.054408798960093915
6 0.668 0.6001599833720492 0.121 0.05211206285631442
1 0.7725 0.594484037657048 0.11 0.054920057142103816
8 0.4875 0.42000934415250607 0.486 0.07648316155511373
5 0.901 0.4057270135003241 0.163 0.07984517558329947