0 0.5135608456015442 0.3754725243030141 0.3005119863526397 0.04749081604072535
0 0.20872921807767528 0.40751570258435044 0.24239562581794893 0.036815924939518484
8 0.46790922660727546 0.43199614670912295 0.3654538060852943 0.043247159516215904
5 0.7868568643666646 0.43278424565248497 0.12953525845957778 0.04750105089751196
2 0.5701415973774865 0.4538034512285418 0.2464421700318253 0.040862469153394844
7 0.5373099698536176 0.482681622966287 0.18339562581794872 0.03612939778484247
9 0.7842401535328031 0.4858075177594231 0.11247707819223252 0.04230323798853749
4 0.4646754546403818 0.5810136007893266 0.3764421700318252 0.04237515610437595
10 0.49748381005731257 0.5541354290515812 0.10939562581794894 0.03526832982813039
6 0.59245471992364 0.5555300039720182 0.09145380608529421 0.04005888086568666
1 0.6674489018969052 0.5551572999618369 0.07740726187141808 0.03589597611711952