0 0.49987515610437583 0.3731172653286716 0.29962834688733053 0.05573953111347566
0 0.19945695877783007 0.4248684321017692 0.24250035029917064 0.04440791481425117
8 0.45956750128578633 0.4328557963509208 0.36460507478039245 0.054117690051187765
5 0.7768580523233428 0.41300863538594246 0.1305934387269233 0.0517563178754242
2 0.5627478601145571 0.44775655988039237 0.24554689451304693 0.04842536830368408
7 0.5325911236918952 0.4774340036896265 0.18246544213876337 0.041058845025593885
9 0.7784631271037352 0.4650028175561315 0.11252362240610887 0.04565159693882697
4 0.47028381917247636 0.5803034358826222 0.3765934387269233 0.053187504008919174
10 0.5004521916486074 0.551625992073388 0.10944217003182519 0.03863414344939429
6 0.5954056474347311 0.5470732982413473 0.09247707819223251 0.04153524034260795
1 0.6688474671673857 0.5416456877502421 0.0784421700318253 0.03845379072525452