0 0.5149368955869902 0.3851028163600655 0.29994257350612363 0.05921906441353712
0 0.2101227044182823 0.39778774908942316 0.24275056779191334 0.04722412571262862
8 0.4669855945484023 0.4387824283084393 0.36490766337626723 0.05835364363387123
5 0.7842150410420149 0.45982441142314834 0.13089020831133916 0.05326915844066832
2 0.5675230353278046 0.4670453898661892 0.2458203880516262 0.05127649090741329
7 0.5335692036396709 0.49246064519109395 0.1826982025971288 0.04317682181693567
9 0.7798073776657477 0.5117633186958995 0.1127854779217696 0.04695496727196041
4 0.4579022449390261 0.5866689703864059 0.3768902083113392 0.0575631044130098
10 0.4913473490946957 0.561744987529037 0.10966329246727219 0.03990260207717574
6 0.5862426187051264 0.5694032186972177 0.09271565766205686 0.04260586597339602
1 0.6601902535103418 0.5736948935019057 0.07866329246727219 0.03936149506440097