0 0.5008008603314589 0.378 0.29225016668187104 0.043
0 0.20507978279864258 0.416 0.2361919883837615 0.033
8 0.4584721529471399 0.4345 0.35622107753281623 0.038
5 0.7695099688409112 0.428 0.12626180234149298 0.045
2 0.5583645230956372 0.453 0.24022107753281624 0.038
7 0.527698714946025 0.4815 0.17719198838376155 0.033
9 0.768710350605647 0.4795 0.10923271319243827 0.04
4 0.46112856762455134 0.5795 0.3672094418731945 0.036
10 0.49278855794435267 0.552 0.10619198838376155 0.033
6 0.5847914668592582 0.5515 0.08922107753281626 0.038
1 0.6578060114337855 0.549 0.07520362404338357 0.035