0 0.173 0.38848696274984834 0.34 0.059956258179488714
3 0.561 0.31647217400384353 0.376 0.060375156104375834
9 0.9275 0.46820756040742395 0.145 0.054687227753017285
7 0.612 0.48887873527692016 0.254 0.05095555758114745
2 0.6135 0.44586128119671653 0.254 0.05595555758114756
4 0.496 0.641228517479334 0.452 0.0652594961680261
10 0.5595 0.5974896280840472 0.137 0.05159413932526468
6 0.6815 0.5895700295608187 0.12 0.04939632641629032
1 0.7875 0.5828366078930958 0.11 0.05227996588159931
8 0.505 0.4111237929981122 0.485 0.06564348593250612
5 0.918 0.3918181029153803 0.16 0.07586176855505357