0 0.4997775890122151 0.38784129884148044 0.3032908914905478 0.05352572420113256
0 0.19063796109675213 0.40824575831953336 0.24622689536262726 0.04186246915339484
8 0.4524488816278961 0.44379440432843353 0.369273438001115 0.05129370373009226
5 0.7753907033297864 0.4575528495989479 0.1312908914905479 0.05152432300445003
2 0.5558005269677166 0.4704987358624838 0.24925598451168207 0.04689737731380205
7 0.5216434455628209 0.4971031100445349 0.18522107753281625 0.04015266989178076
9 0.771076540519995 0.5115063053850716 0.11325016668187118 0.04431487404200652
4 0.44757038932644183 0.5947478601145572 0.381261802341493 0.049433336371721225
10 0.4817274707313376 0.5681434859325061 0.11021525970300536 0.03827996588159931
6 0.5772012904971884 0.5737547290388035 0.09223271319243827 0.04107051691915558
1 0.6521925637524719 0.5761274330489851 0.07822107753281625 0.03890761217058843