0 0.18010054519241206 0.3515246733036207 0.33094257350612377 0.05783989764479793
3 0.5589285251926756 0.31744055559513834 0.36494257350612364 0.058235523462746866
9 0.908000616620042 0.4974666300954416 0.14190766337626745 0.05364068353914092
7 0.5998958862304726 0.4878827256269635 0.2468203880516262 0.04986246915339484
2 0.6036889561008799 0.44743508786757447 0.24690766337626724 0.05486246915339484
4 0.4808221402554949 0.6254689451304698 0.43901239376583656 0.06309659141945895
10 0.5431588477882227 0.5882020164990222 0.13385529818148278 0.050547595111388094
6 0.6622024854505433 0.5920867068618432 0.1168203880516262 0.04834978220241373
1 0.7652286680479355 0.5947852203691589 0.10785529818148279 0.050245057721192095
8 0.5004383883089665 0.4032423923869933 0.4709949387009084 0.06246894513046982
5 0.9016827592179616 0.4219084498280962 0.15825676467483163 0.07382686039464624