0 0.502 0.37315870115851946 0.297 0.046455907880318136
0 0.2005 0.4156669712794485 0.24 0.036792652832580416
8 0.459 0.4311590514576901 0.362 0.04321225135580858
5 0.776 0.42097042250799027 0.128 0.047489414844042815
2 0.561 0.44947217400384354 0.244 0.04083919704645666
7 0.5295 0.4783387096881197 0.181 0.0361061256779044
9 0.7745 0.4729878765881939 0.111 0.04129160193506846
4 0.4625 0.5791183252705483 0.373 0.042340247943968505
10 0.495 0.5512401535328031 0.108 0.035256693774661015
6 0.589 0.5496463645067092 0.09 0.03904724481221774
1 0.663 0.5462852965499969 0.076 0.0358843400636506