0 0.1605 0.34519846207902105 0.308 0.06537615999789102
3 0.536 0.3041440851984754 0.375 0.0685456493480815
9 0.8875 0.4850086298762069 0.145 0.057530984414591556
7 0.5715 0.4795244303935236 0.253 0.056416131426839
2 0.577 0.4379284275364184 0.253 0.061416131426839
4 0.444 0.6217499511718715 0.451 0.0748722342826261
10 0.51 0.582597916886609 0.137 0.054391343895165846
6 0.632 0.5849683989653666 0.12 0.052094607791386124
1 0.737 0.5866356171479036 0.11 0.053920057142103815
8 0.472 0.3942612093538813 0.483 0.07643079636032916
5 0.8835 0.40857845013591976 0.162 0.07982772051837128