0 0.517283406842026 0.381 0.3043199806396026 0.055
0 0.20767577699052334 0.3995 0.24625016668187105 0.043
8 0.468960517287518 0.4365 0.36930834497998055 0.053
5 0.7913674320105427 0.4525 0.13230252715016969 0.052
2 0.5713063447975277 0.463 0.2492792558309259 0.048
7 0.5376492633926319 0.49 0.1852443488520603 0.042
9 0.7870619959454676 0.505 0.11426180234149297 0.045
4 0.46108202498606377 0.5875 0.38130252715016966 0.052
10 0.495736197476054 0.561 0.11122689536262738 0.039
6 0.5912012904971883 0.567 0.09324434885206005 0.042
1 0.6671838370077555 0.57 0.07922689536262714 0.039