0 0.18000715128477962 0.3460355737063501 0.33138397676752307 0.06792570166742622
3 0.5603587966246002 0.32274925794941856 0.3653839767675231 0.06812350788099866
9 0.9014496397141543 0.5122273200851435 0.1423316162992246 0.05782613183315562
7 0.5938594633520845 0.4949383374182746 0.2473199806396026 0.05643700396330587
2 0.5991151145000244 0.45297033548223486 0.24734906978865728 0.06143700396330598
4 0.4676361436318471 0.6276994730322834 0.43942470157619984 0.07555402728700937
10 0.5324267017586527 0.5920776319699953 0.13530834497998057 0.0537854070244789
6 0.6509645176524239 0.5992670448025935 0.11829670932035878 0.05168650391769279
1 0.7529936068014786 0.604860463443311 0.10830252715016968 0.052628325619583166
8 0.49785331215853146 0.4073827346713284 0.4714305194060107 0.07674019784096003
5 0.8980162113932382 0.43770986659571054 0.1594537907252545 0.07892503493994195