0 0.18548969779534674 0.344135215811577 0.3304130659165778 0.07483989764479793
3 0.5643791590289386 0.3295452800763601 0.3644188837463887 0.07623552346274687
9 0.8999990912675475 0.525937539961769 0.1423374341290355 0.059652319592609956
7 0.5948740079266119 0.5008885436536981 0.2463374341290355 0.06086246915339484
2 0.6011383858192683 0.4604641780012472 0.2473723411079011 0.06687410520686399
4 0.4666361436318471 0.6303874927561862 0.4374712442146874 0.08608495536599002
10 0.5314383374182746 0.5971438362316767 0.1343199806396026 0.05655923116485746
6 0.6494848800567622 0.6065168905410288 0.11830834497998058 0.05437305430935203
1 0.7510314226952498 0.6156979499681409 0.10931416280979146 0.05526832982813039
8 0.5003649478181533 0.4122947546276042 0.46947706204449835 0.08745730907700067
5 0.8980685718615369 0.45192008588156535 0.15946542638487654 0.08185013250158454