0 0.5 0.37518197326545766 0.295 0.051432635773379955
0 0.201 0.423161153252714 0.239 0.04078101677911127
8 0.458 0.4341706875111593 0.36 0.05018897924887051
5 0.7725 0.41751114869513206 0.127 0.04947777879057367
2 0.5605 0.44947799203057803 0.242 0.044815924939518484
7 0.5295 0.4788387096881197 0.18 0.03909448962443526
9 0.7735 0.470499512641663 0.11 0.04327996588159931
4 0.464 0.5801008711903447 0.371 0.04831697583703044
10 0.496 0.551228517479334 0.107 0.0372450577211921
6 0.589 0.5481463645067093 0.09 0.04004724481221774
1 0.663 0.543785296549997 0.076 0.037884340063650594