0 0.16519872156091348 0.3619977578125788 0.32783784311655445 0.049902430348182404
3 0.5404841994826832 0.3191765350767816 0.3618203880516262 0.049100236561754856
9 0.8830517485747428 0.4891865952764667 0.13983784311655426 0.048808678343722815
7 0.5780604761072068 0.4869121571841253 0.24471565766205686 0.04241955047387307
2 0.5822761337692637 0.44593251958846364 0.2448029329866981 0.04741955047387307
4 0.45713422208218457 0.6252227443515271 0.4348727532464109 0.052524938137954676
10 0.5202975145494567 0.5875863587147119 0.13180293298669812 0.046762135705235325
6 0.6382975145494567 0.5882728626324045 0.11576802285684153 0.04466905042825988
1 0.7392975145494568 0.588860463443311 0.10582038805162619 0.04761087213015026
8 0.48046560883392836 0.4058361920328407 0.4658552981814827 0.051705290862094216
5 0.8783521509118949 0.41465168829760096 0.15520439948004697 0.06989594579088713