0 0.1810377105537724 0.34597024412346095 0.3297679795289596 0.06791406600780431
3 0.5592409911903108 0.3182681955400143 0.36476797952895956 0.06811769005118777
9 0.8994169331890296 0.5033017690639114 0.14265161899426881 0.05682613183315573
7 0.5937249383067896 0.4885791160711583 0.2466283468873305 0.05543118613349497
2 0.5987536781412917 0.44804711800719804 0.24669816320814517 0.06143118613349498
4 0.4682783514449125 0.6228179804571495 0.43784943190324316 0.07554239162738759
10 0.5328652715467599 0.5869398215194375 0.13461671083386137 0.05377958919466801
6 0.651440905894309 0.5927504086868394 0.1185934387269233 0.05168650391769279
1 0.7535107222151235 0.5981569900461218 0.10860507478039244 0.052628325619583166
8 0.4972242377084484 0.4031347188181045 0.46984943190324313 0.07572856218133803
5 0.8955500472055828 0.42881922255334426 0.15890761217058844 0.07891921711013095