0 0.15697606195327185 0.37975790025865835 0.3139521239065437 0.055515800517316735
3 0.5311528390350216 0.32680354960673996 0.37227925583092586 0.05449328415329694
9 0.8917190773503633 0.4936135555782906 0.14329089149054788 0.052496074284735184
7 0.5781521723075373 0.49964139272329444 0.25124434885206004 0.04638122129698263
2 0.5803965211595975 0.45767630285315086 0.25127925583092586 0.05238122129698263
4 0.460796951325327 0.6446078776591571 0.44730252715016966 0.05980241402291313
10 0.523041300177387 0.6036900916847066 0.136273438001115 0.04937388883023755
6 0.64505875366682 0.6028196096059492 0.11926762017130386 0.04807715272645782
1 0.7490820249860637 0.6006349363584838 0.10827925583092587 0.049885147012247444
8 0.47411759869241377 0.41781733843829566 0.48029089149054777 0.058378431165544496
5 0.884161232415996 0.41747391505886494 0.1594130659165778 0.0737753553235866