0 0.16246927506730083 0.344519695676854 0.3240473038956931 0.061879159028938605
3 0.5405540197423961 0.3088234649232183 0.36604730389569295 0.06212350788099866
9 0.8793684703929964 0.48933376712787163 0.14194257350612383 0.05482031400334472
7 0.5725517485747427 0.48061984087983495 0.24789020831133918 0.052437003963305986
2 0.5782761337692637 0.4390907517307802 0.2479774836359802 0.05743700396330587
4 0.4446778597445051 0.6173499785211098 0.4401520342852623 0.06855402728700938
10 0.5103236971468491 0.5799718195833977 0.13489020831133916 0.051779589194668005
6 0.6292451493546721 0.5837794978358941 0.1178552981814828 0.0496806860878819
1 0.7311840566274234 0.5866860791951766 0.10787275324641087 0.05062250778977227
8 0.4765354290936412 0.3961870792864031 0.4721345792203341 0.06774019784096004
5 0.8771688727301487 0.41485412953220996 0.1593091298696163 0.07591921711013094