0 0.5174333363717212 0.37204555169182435 0.2944421700318253 0.04313178908889597
0 0.21782896218967013 0.41128207117028964 0.23834908160407253 0.03415430545291576
8 0.47409659141945903 0.429813574548666 0.35938398976447977 0.039266368309230075
5 0.7890733193125209 0.42231522909627744 0.12651198635263972 0.046199338180955465
2 0.5753293124888408 0.448050612990916 0.24139562581794893 0.03820667064770043
7 0.5446551219859751 0.47659172000369077 0.17936071765754172 0.034124456622151
9 0.7876900301463825 0.47535013922613384 0.1094421700318253 0.03990260207717574
4 0.4767954552259454 0.5757961194837378 0.37036071765754164 0.03745837402344068
10 0.5084812817822801 0.5482375574060347 0.10637235371101075 0.033850236882391076
6 0.6024929178357493 0.5475967813027823 0.08941889792488701 0.03755350077861135
1 0.6754812817822802 0.5453225615630224 0.07539562581794872 0.0353091298696163