0 0.16735612971466296 0.3685 0.33028507366073684 0.049
3 0.5447022905884148 0.309 0.3642734380011148 0.047
9 0.8977830734782839 0.467 0.14028507366073678 0.049
7 0.5907161684354579 0.4785 0.24624434885206006 0.042
2 0.5934605172875179 0.4365 0.24627343800111498 0.047
4 0.4743784009426803 0.6225 0.4382967093203588 0.051
10 0.5371169319649296 0.5815 0.13326762017130386 0.046
6 0.6561431121990788 0.577 0.11626180234149297 0.045
1 0.7581634746034172 0.5735 0.10627343800111476 0.047
8 0.4881728680756179 0.4 0.4702850736607368 0.049
5 0.8897135928842945 0.393 0.15640724808676668 0.07