0 0.5070841177084824 0.38247581994830365 0.29361671083386137 0.054704624134609955
0 0.2093804867727734 0.39824501557954445 0.23747707819223252 0.042378825665196476
8 0.46046158884788635 0.43570819977699965 0.3565934387269233 0.05307114741270016
5 0.7707812300191156 0.4530146359333013 0.12757016661998524 0.049738864385991295
2 0.5591648694844247 0.4617841649282843 0.2405352584595778 0.04739627915462927
7 0.5263623320942286 0.4875950854594282 0.1784538060852942 0.04003557370635008
9 0.7666877912921922 0.503994273528963 0.11051198635263973 0.04463996127920507
4 0.45227436109486907 0.5806703838832286 0.3685701666199852 0.051140961370431566
10 0.4855710804583307 0.5553623722669899 0.106418897924887 0.03661668995996115
6 0.5775012641375162 0.5618976126095979 0.09047707819223251 0.04152360468298593
1 0.650466355977109 0.5653223141857977 0.0764421700318253 0.038442155065632505