0 0.16078931603061092 0.3962666277911225 0.3173781589377121 0.07053325558224492
3 0.5288355253053565 0.3246988192171707 0.367389794597334 0.07340600882865579
9 0.8936442036490791 0.47005246285104185 0.1433316162992246 0.05949607428473507
7 0.5858041939688804 0.4921763028531509 0.2483199806396026 0.05932885610219796
2 0.5855598451168204 0.45017630285315086 0.24834906978865728 0.06432885610219796
4 0.47868268627033467 0.6412911558409033 0.4414305194060107 0.08169768363334401
10 0.5389267017586528 0.5983471872690604 0.13530834497998057 0.05535643376530925
6 0.6573656145456378 0.5899156124630542 0.11929670932035878 0.05307715272645783
1 0.759813254077339 0.5827047566181967 0.10930834497998057 0.05490260207717574
8 0.4778765834777753 0.4167998833733675 0.4734363372358216 0.08325624571104685
5 0.8807136842430685 0.39583427453943915 0.1604537907252545 0.0807928103885148