0 0.16492012584258345 0.35555677907066285 0.3243141628097916 0.05777008132398339
3 0.5416470212052107 0.31217580493955244 0.36431416280979145 0.058235523462746866
9 0.8866289009882935 0.4831497304392492 0.1413025271501697 0.05364068353914092
7 0.5786550812224428 0.48223363490772725 0.24627343800111498 0.04986246915339484
2 0.583393612244692 0.4411812726671164 0.24630252715016968 0.05486246915339484
4 0.45584931179362553 0.6221532334309556 0.43833743412903536 0.06309659141945895
10 0.5195732982413472 0.5829143440356687 0.13328507366073677 0.050547595111388316
6 0.6385558447519145 0.5845296536728476 0.11627343800111475 0.04834978220241373
1 0.7405471180071981 0.584842776219001 0.10728507366073677 0.050245057721192095
8 0.4811408700116576 0.39987396814769754 0.4703316162992244 0.06246894513046982
5 0.8815594203943042 0.4092137287333292 0.15741888374638893 0.07382686039464624