0 0.16237642024189206 0.3955 0.3247528404837841 0.061
3 0.5407590088096893 0.3215 0.37572143531508323 0.062
9 0.9075252368427957 0.4705 0.14563998294079966 0.055
7 0.5932634256397413 0.493 0.25360507478039246 0.052
2 0.5942695939656464 0.4495 0.25366325504773796 0.057
4 0.47799474551244037 0.645 0.45177961558242863 0.067
10 0.5405125498918146 0.6005 0.13760507478039244 0.052
6 0.6621056383195674 0.5925 0.12058180267345416 0.05
1 0.76819872674732 0.5845 0.11060507478039244 0.052
8 0.48565358373012624 0.4165 0.48379125163589787 0.068
5 0.8974037588797115 0.395 0.1628959761171195 0.077