0 0.5235 0.3644085260089342 0.303 0.04752572420113268
0 0.2175 0.40846915837047415 0.245 0.03685083309992569
8 0.48 0.4239146943348394 0.369 0.04429370373009215
5 0.8035 0.41315043103759047 0.131 0.048524323004450025
2 0.585 0.4426929087205855 0.249 0.04189737731380205
7 0.5525 0.4715710804583307 0.185 0.03715266989178076
9 0.8025 0.46616206709105956 0.113 0.042314874042006526
4 0.4835 0.5748739681476975 0.381 0.043433336371721455
10 0.516 0.5454957964099523 0.11 0.03627996588159931
6 0.612 0.5438787352769202 0.092 0.04007051691915581
1 0.688 0.5404943952132697 0.078 0.03690761217058866