0 0.4857704316231541 0.364198714946025 0.30469816320814513 0.06176862026253047
0 0.1819162325906883 0.4214702441234609 0.24654689451304698 0.04843118613349497
8 0.44598023088476824 0.42543433705336875 0.369698163208145 0.06214677920024246
5 0.7676951475747756 0.3990609958542411 0.1336283468873305 0.05477377136485711
2 0.5511373176066009 0.43832346492321833 0.25060507478039246 0.05345445745273878
7 0.521503853290877 0.46999799981754703 0.18652362240610887 0.046082116344837686
9 0.7708234944621063 0.45304645127971366 0.11454689451304693 0.047663232598448985
4 0.45921982087839636 0.5748674320105427 0.3816748911012069 0.060216593157973876
10 0.48988237532779294 0.5456870792864031 0.11147707819223251 0.041645779109016075
6 0.5853125590069785 0.5391314765394568 0.09350035029917081 0.04354105817241907
1 0.6612427426861639 0.5326893214738243 0.0794654421387636 0.04045960855506564