0 0.16880127843908657 0.35816355194916466 0.32087275324641085 0.05558562077702959
3 0.5474896179199245 0.3050393548089061 0.37487275324641084 0.05652819428315343
9 0.9090180716849702 0.47228171403214003 0.14487275324641086 0.05251352934966326
7 0.5925267992174342 0.4783062420819209 0.25275056779191346 0.047398676361910815
2 0.5957936864904491 0.43623642182220806 0.2528378431165543 0.05239867636191082
4 0.4725577836320259 0.6254444875356275 0.45090766337626736 0.059854779217697794
10 0.5368421259699689 0.5833099083152935 0.1368203880516262 0.04937388883023755
6 0.6588421259699689 0.5811803903940509 0.11980293298669813 0.04807715272645782
1 0.7638421259699689 0.5793476085765881 0.10983784311655449 0.04990260207717574
8 0.488560573763464 0.3960953862370632 0.48289020831133905 0.05941334129540087
5 0.9006914867504257 0.39640389948663757 0.16125676467483163 0.0747928103885149