0 0.5015666636282787 0.37511215694464317 0.2914421700318252 0.041386091559503714
0 0.20518267386379896 0.41155642877149223 0.2363374455506035 0.031746108618703944
8 0.45791504463401 0.4316125072438137 0.3553723537110108 0.036130798981525006
5 0.7689266806874792 0.4269936946149285 0.1255003502991708 0.0444545066836356
2 0.5576706875111592 0.45144890189690534 0.2393956258179487 0.03678101677911127
7 0.5263565140674938 0.47880961955444695 0.1773490816040726 0.03205958146402804
9 0.7673332419605559 0.47800533066839757 0.1084421700318253 0.03925669377466113
4 0.4572278168809927 0.5766008711903448 0.3673490816040726 0.03427043162315408
10 0.489541990324658 0.549228517479334 0.10536071765754161 0.0322217856142538
6 0.5815187182177198 0.5501580005601783 0.08841889792488701 0.03702397270527945
1 0.654541990324658 0.547308568656935 0.07439562581794872 0.0348610679567123