0 0.16430376924636436 0.3775 0.3283141628097916 0.054
3 0.5386819281840765 0.3125 0.36331416280979145 0.054
9 0.8933063447975277 0.463 0.1412967093203588 0.051
7 0.5877074416907415 0.48 0.24526180234149297 0.045
2 0.5894459727129906 0.439 0.2452967093203588 0.051
4 0.47486385636815287 0.625 0.43633743412903536 0.058
10 0.5356052963053075 0.5835 0.13228507366073677 0.049
6 0.6536402032841734 0.5775 0.11627343800111475 0.047
1 0.7551722013481336 0.572 0.10728507366073677 0.049
8 0.48415250567127954 0.4035 0.4683316162992244 0.057
5 0.8832339552886328 0.3895 0.15641888374638893 0.072