0 0.16529370373009222 0.3680633294004362 0.3225003502991706 0.044873341199127594
3 0.5406769928962308 0.312875825391517 0.36548871424570145 0.04412350788099866
9 0.8965969417186298 0.47581631363843885 0.14054689451304694 0.047814496173533824
7 0.5866551219859751 0.48261984087983495 0.2464421700318253 0.03943118613349497
2 0.5891780437937427 0.4416023873904021 0.2465003502991708 0.044431186133494976
4 0.4713307136855233 0.6273005269677167 0.4395003502991707 0.04555402728700938
10 0.5328536354932909 0.5859398215194376 0.13251198635263972 0.044767953535046215
6 0.6528303633863527 0.5832416819421228 0.11650035029917058 0.043674868258071
1 0.7558070912794146 0.5806424454715946 0.10653525845957802 0.04661668995996115
8 0.48472423770844836 0.40320744169074146 0.47148871424570155 0.04474019784096003
5 0.8877242377084483 0.4008628562769264 0.1567796155824285 0.06790758145050904