0 0.16447406255886307 0.38636176855505355 0.32063998294079965 0.058723537110107145
3 0.5402060830299035 0.32474274268616393 0.37263998294079964 0.059328611890499476
9 0.9069922172374079 0.4824899022023798 0.14461671083386135 0.05467559169954814
7 0.5931900301463825 0.4958361814130872 0.25154689451304696 0.04992064942074023
2 0.5942013159006808 0.4538536354932909 0.2516167108338616 0.05592064942074023
4 0.4804354381667451 0.644503853290877 0.44769816320814504 0.06520131590068082
10 0.5424350878675744 0.6022311066326949 0.13658180267345416 0.05158250327179553
6 0.6628594535200254 0.5971332510757195 0.11955853056651608 0.04938469036282095
1 0.7677954552259455 0.5928550366899734 0.10958180267345415 0.05126832982813016
8 0.48577659994905925 0.41609694171862976 0.480686527154676 0.0645853056651606
5 0.8951136952004921 0.40686190561421987 0.16084943190324316 0.07486176855505357