0 0.5086933218387302 0.3858409903861422 0.2983723411079011 0.06920160934860883
0 0.2052369555623123 0.3880433781804281 0.24229670932035874 0.05522412571262862
8 0.4595016668187108 0.43797696467219543 0.36337234110790123 0.07033618856894293
5 0.7756558393087012 0.46999276518951216 0.13031998063960237 0.057269158440668204
2 0.5601762017130394 0.4697311986974813 0.2453199806396026 0.05927649090741329
7 0.5263216474583133 0.4941377264899219 0.18227343800111498 0.05017682181693567
9 0.7704583664588709 0.521896762332407 0.11327343800111475 0.04897242233688871
4 0.44835979671582676 0.5852675038930567 0.3743665232780902 0.06952819428315342
10 0.4837143509705528 0.5608871586980085 0.10923853102224916 0.04290260207717574
6 0.5772725292686623 0.5725192072687969 0.09225598451168207 0.04560586597339602
1 0.6507987095028117 0.5783021545410209 0.07823271319243827 0.04136149506440097