0 0.497716593157974 0.3838827346713284 0.2953374341290355 0.05971625979423186
0 0.20353366488267108 0.436669383792002 0.23826180234149297 0.046384643495007365
8 0.45805984511682035 0.44265002147889015 0.3583374341290354 0.06008278307232195
5 0.7714260350311684 0.4214739111246247 0.12930252715016968 0.05275050004561331
2 0.5616412947341737 0.45725216686432407 0.2422967093203588 0.05240791481425117
7 0.5318158296285024 0.4870776319699954 0.1802501666818712 0.04404720936597198
9 0.7732285621813381 0.4734826378693411 0.11126762017130386 0.04664577910901607
4 0.4704121571841253 0.5892169265217162 0.3703316162992245 0.059152597030053586
10 0.5012434401196076 0.5603972792458558 0.10722689536262715 0.03962250778977227
6 0.5942114420556474 0.5554383374182746 0.09024434885206006 0.04252360468298593
1 0.6666736261618762 0.5493601300795689 0.07622689536262715 0.039442155065632506