0 0.5119100642647831 0.37604745137094014 0.2966167108338615 0.054722077624042756
0 0.21062533125396118 0.39630152705894317 0.23948871424570153 0.04339046132481826
8 0.46553841115211364 0.43032088937205504 0.36060507478039244 0.05409441873194396
5 0.7802187699808845 0.4439911818965096 0.12859343872692353 0.0517446822158023
2 0.5663409485423099 0.45573619747605404 0.24254689451304692 0.04840791481425117
7 0.5336493039592406 0.48242818585981556 0.18046544213876337 0.04104720936597198
9 0.7763180267345423 0.49551736213065883 0.11151198635263973 0.04464577910901608
4 0.46074309298533456 0.5768587052658263 0.37158180267345414 0.05215841485986448
10 0.49345219164860743 0.5516667168820647 0.10844217003182519 0.03862832561958317
6 0.587522007969422 0.557119840879835 0.09147707819223251 0.04152942251279683
1 0.6615510981030946 0.5591893214738243 0.0774421700318253 0.0384479728954434