0 0.5064100642647831 0.3760794494349004 0.2964421700318253 0.039722077624042756
0 0.20480569008273194 0.41183643403780895 0.24034908160407253 0.03139627915462927
8 0.4630733193125209 0.4333354339465824 0.3613839897644798 0.03510023656175486
5 0.7800616832590519 0.4304911818965096 0.12751198635263972 0.04473886438599129
2 0.5653176764353717 0.45374201530586505 0.24339562581794894 0.035413732644062064
7 0.5336434859325061 0.48192818585981556 0.1803607176575415 0.03204720936597198
9 0.7786667580394442 0.4825028175561315 0.1104421700318253 0.03863996127920507
4 0.46579545522594545 0.5813296161167715 0.37336071765754164 0.033170050519486266
10 0.4974812817822802 0.5541434455628209 0.10737235371101075 0.03262250778977227
6 0.5914929178357493 0.5545965695605911 0.08941889792488701 0.03651778685317504
1 0.6664812817822802 0.5531602323247695 0.07539562581794872 0.03443633723582161