0 0.16730533978356132 0.37284517558329944 0.3255003502991706 0.04867289610167074
3 0.5417002650031688 0.32739082493138105 0.3624770781922325 0.04731873350401474
9 0.8935969417186298 0.49650009765625724 0.139535258459578 0.048426254025022215
7 0.5876551219859751 0.49615884778822267 0.24443053397835615 0.0412590358424851
2 0.5901780437937427 0.45521121298300726 0.2445003502991708 0.04725903584248511
4 0.4723074415785852 0.6361166051916212 0.43550035029917067 0.05059295324377467
10 0.5338419994398217 0.5971988192171707 0.13151198635263972 0.046286613505596506
6 0.6528187273328836 0.5972759719436285 0.1155003502991708 0.045007332466745084
1 0.7538070912794145 0.5980389335013786 0.10552362240610887 0.046832781817462775
8 0.48573587376191746 0.4153958862304727 0.4674770781922325 0.04915151532147752
5 0.8847358737619174 0.4223604571368314 0.15477961558242873 0.06968807999894557