0 0.523910064264783 0.38806790623020904 0.29573307136855237 0.06814924415382416
0 0.22350315269253576 0.39082265921927967 0.23958180267345427 0.05417176051784395
8 0.4760151390451755 0.4392213355811905 0.3597447074220215 0.07026636830923007
5 0.7883234944621063 0.47116731583879434 0.12962834688733074 0.05625170337574002
2 0.574864220649248 0.4709406594766199 0.24263998294079966 0.05922412571262862
7 0.5411551219859752 0.4953471872690606 0.1805352584595778 0.04914191168707907
9 0.783422751215764 0.5225713129816891 0.11254689451304693 0.048954967271960415
4 0.4657081848249273 0.5845118748020518 0.3707330713685524 0.06945837402344068
10 0.49994055559513834 0.5621140745420753 0.10747707819223251 0.042867691947319146
6 0.5925452800763601 0.5727286680479355 0.09151198635263973 0.04558841090846772
1 0.6651092783704401 0.5794941602552313 0.07746544213876337 0.0413440399994729