0 0.173757640776766 0.36142372337547646 0.32694257350612377 0.05969035116659893
3 0.5510768932445655 0.3290217379183427 0.36494257350612364 0.06035364363387123
9 0.9001489846719319 0.5110611903835061 0.14190766337626745 0.0544611641548787
7 0.5920529818148266 0.5001850303856149 0.2468203880516262 0.05129394597234159
2 0.5968373241527697 0.4592810332427201 0.24690766337626724 0.05629394597234159
4 0.47247050830738474 0.6365555124643725 0.43901239376583656 0.06564531843855935
10 0.5363159433725766 0.6001813641522424 0.13385529818148256 0.05132152363545311
6 0.6553508535024329 0.6042585168787004 0.1168203880516262 0.04902478753167316
1 0.7573770360998253 0.6075389335013786 0.10785529818148279 0.050867691947319146
8 0.4925954838933204 0.4149744340226496 0.4709949387009085 0.0652038805162623
5 0.8943398548023155 0.43598264259132896 0.15825676467483163 0.07474044519373024