0 0.49886352005090673 0.3778769168415174 0.2986167108338615 0.05473371328366466
0 0.19944532272436097 0.42613156789823087 0.24150035029917064 0.044402096984440274
8 0.4585558652323173 0.4371383858192682 0.36260507478039244 0.054106054391565864
5 0.7748522342966083 0.4214797289544356 0.1295934387269233 0.05175050004561331
2 0.5617362240610881 0.45323762228979664 0.24454689451304693 0.04841955047387307
7 0.5315794876384261 0.48256017848056254 0.18146544213876337 0.041053027195782875
9 0.7759573090770007 0.4734826378693411 0.11251198635263972 0.04465159693882697
4 0.4687605470655382 0.5836878373726613 0.37458180267345426 0.05217586834929716
10 0.49892891954166924 0.5553652811818955 0.10944217003182519 0.03863414344939406
6 0.592882375327793 0.5519121571841253 0.09147707819223251 0.04152942251279683
1 0.6678241950604474 0.5473484944199469 0.0774421700318253 0.038447972895443626