0 0.48361320784215506 0.3798391009477462 0.3014538060852943 0.040751166773097564
0 0.1762175820242062 0.41205302719578285 0.2433490816040726 0.03141373264406207
8 0.43794995279441723 0.43657729860625316 0.3673956258179488 0.036135143540620675
5 0.7599615888478863 0.4374506398053809 0.12952362240610887 0.045750500045613304
2 0.5416939596180973 0.45918235290659254 0.2474072618714181 0.03643700396330587
7 0.508368150120963 0.4869903645228311 0.1833607176575415 0.032064662855404776
9 0.7573332419605558 0.4914390041457589 0.11245380608529422 0.03965159693882697
4 0.43720454477405457 0.5865831164360642 0.3793607176575416 0.03320495749835209
10 0.4705187182177199 0.5597751048198257 0.10837235371101064 0.03262832561958316
6 0.5665070821642507 0.5613336164816773 0.09143053397835615 0.037529422512796826
1 0.6415187182177199 0.560769953717499 0.07640726187141808 0.0354421550656325