0 0.5171067420753304 0.3755299978815073 0.2928378431165545 0.04969880630479895
0 0.22049948103621525 0.399757893335361 0.23764583740234405 0.03837882566519647
8 0.47304931558145413 0.42979180022300034 0.3567680228568415 0.04607114741270016
5 0.7837238662307363 0.43798536406669863 0.1268203880516262 0.047733046556180395
2 0.5724595096072672 0.45271583507171576 0.24073311272698517 0.04339627915462927
7 0.540930796360329 0.47990200562566626 0.17862838233741582 0.03703557370635008
9 0.7821140745420754 0.48899990864122606 0.10973311272698516 0.04263414344939406
4 0.47158029999604567 0.5748150715422441 0.36875056779191334 0.04514096137043157
10 0.5036351958403761 0.5491259920733881 0.10661092727248751 0.03561668995996115
6 0.595705016100089 0.5525907517307802 0.08968074753220048 0.03951778685317504
1 0.6687311986974813 0.5536660501545805 0.07564583740234411 0.03743633723582161