0 0.5062762496498887 0.35873755740603475 0.30363998294079964 0.060288884673249866
0 0.20236968837681193 0.41505262467667703 0.24450035029917064 0.04725903584248499
8 0.4649802308847682 0.4199706701330199 0.3686167108338615 0.059423463893584084
5 0.7862707819223247 0.396358866758598 0.13160507478039243 0.05428661350559651
2 0.570160589713539 0.43363788831555705 0.24855853056651608 0.05232885610219796
7 0.5390154893443462 0.4646877228607959 0.18447707819223252 0.044211731946792045
9 0.7878874927561863 0.4493414116936697 0.11452362240610864 0.04698987740181679
4 0.47571982087839637 0.5693135745486659 0.3805934387269233 0.05763292467272277
10 0.5068765573010584 0.539263740003427 0.1104421700318253 0.03992005714210382
6 0.6018300130871821 0.5336055088352464 0.09348871424570143 0.04362332103832432
1 0.6777718328198367 0.5272789239007019 0.07845380608529422 0.04036149506440097