0 0.16245279063402804 0.39240249474219535 0.3249055812680561 0.06480498948439072
3 0.5406586568648326 0.3228125590069784 0.37736652327809017 0.06738679215784486
9 0.9112859823931894 0.47713535287074343 0.14631998063960258 0.05669886380648632
7 0.5946608990522537 0.4949525419477781 0.25530252715016966 0.05496719363461659
2 0.5959052479043139 0.45296417800124716 0.2553316162992244 0.05996719363461659
4 0.4807707710911776 0.6466376679057714 0.4533956124271449 0.07327113222149546
10 0.5425296645177651 0.6028532851941202 0.1383025271501697 0.053605775378733594
6 0.6655762071562529 0.5962845197708176 0.12129089149054789 0.05140796246975924
1 0.7711227497947405 0.5895121234118061 0.11030834497998057 0.05427996588159931
8 0.48610596303279185 0.41718421211964785 0.486395612427145 0.07365512198597514
5 0.8997310463737274 0.40049572022911434 0.16344797289544363 0.0788966767154609