0 0.159 0.3924250349399419 0.318 0.0728500698798838
3 0.5255 0.31005726956565705 0.367 0.07613514354062068
9 0.892 0.44468950419137215 0.144 0.05983776749277763
7 0.584 0.4758976126095979 0.248 0.06044282179311699
2 0.5845 0.4339005215245034 0.249 0.06544863962292788
4 0.48 0.6277925583092585 0.441 0.08356566294663116
10 0.538 0.583129992438294 0.135 0.0557854070244789
6 0.6575 0.5713252231007032 0.119 0.053692321747503685
1 0.76 0.560921550656326 0.11 0.05563996127920518
8 0.4765 0.4032721959049202 0.473 0.08575183350058183
5 0.8775 0.3706051456591133 0.161 0.08093667059956373