0 0.5005782996817478 0.3770619959454675 0.2894421700318253 0.03968135281536615
0 0.20519430991726803 0.4117782557396994 0.23433744555060348 0.030361372175763564
8 0.45593831674094815 0.4323179804571496 0.35337235371101067 0.03405369392326724
5 0.7659499527944171 0.42951445321575343 0.12450035029917081 0.043721410896558385
2 0.5556939596180974 0.45273619747605404 0.2383839897644798 0.03438464349500737
7 0.524368150120963 0.4809165502001937 0.1763490816040726 0.031023938046728063
9 0.7643448780140248 0.48152027104556444 0.1074421700318253 0.03862250778977227
4 0.4552510889879309 0.5773121626273386 0.3653490816040726 0.03212350788099866
10 0.4875652624315962 0.5501259920733881 0.10436071765754161 0.03160505430033936
6 0.5795536263781271 0.5505907517307801 0.08740726187141785 0.03550615119355325
1 0.6525652624315961 0.5491660501545805 0.0743839897644798 0.03343051940601072