0 0.16 0.3982928103885148 0.32 0.07658562077702959
3 0.5255 0.32017263661977835 0.364 0.07835364363387111
9 0.8885 0.4585088251887213 0.142 0.060478619219806885
7 0.583 0.48567630285315083 0.246 0.062293945972341475
2 0.5835 0.4446850303856149 0.247 0.06831140103726967
4 0.48 0.6343784311655445 0.437 0.08862786337363104
10 0.5385 0.5913995524638451 0.134 0.057338978700381175
6 0.6555 0.5809417950604465 0.118 0.05505969766152975
1 0.757 0.5722134841506608 0.109 0.05590260207717574
8 0.4765 0.41281733843829566 0.469 0.090186425451334
5 0.874 0.3852557267472622 0.159 0.08277535532358661