0 0.49568884218970416 0.37631802673454234 0.3016981632081452 0.0635024520941945
0 0.19003757349460604 0.385763212399737 0.24454689451304698 0.04983919704645666
8 0.4470604953023736 0.4297594961680263 0.365674891101207 0.0622471595162159
5 0.7653161381795228 0.45446557919792974 0.13161671083386137 0.05452432300445002
2 0.54822304975177 0.45994055559513836 0.2475934387269233 0.05387410520686399
7 0.5129263303883085 0.48503329372372034 0.1845119863526397 0.04614103383831161
9 0.7596994273456613 0.5074073989305844 0.11354689451304693 0.048314874042006524
4 0.4363325413622145 0.5781547716868044 0.37766325504773784 0.061386792157844865
10 0.4701176246722071 0.5540445794780188 0.11045380608529422 0.04027996588159931
6 0.5650303542711889 0.5626500045575819 0.09250035029917057 0.044070516919155804
1 0.639477992030578 0.5680168905410287 0.07845380608529422 0.03990761217058866