0 0.1705 0.35051605288352106 0.328 0.06381662553785974
3 0.5505 0.31409435256526885 0.367 0.06527043162315409
9 0.8955 0.4920799141184347 0.142 0.05565231959261007
7 0.5855 0.48568709069385096 0.248 0.05388574126033302
2 0.5905 0.44362891042650554 0.248 0.05888574126033302
4 0.46 0.6236474154042211 0.441 0.07113149957986639
10 0.525 0.5863910719287305 0.134 0.052559231164857466
6 0.645 0.5889947455124405 0.118 0.05037305430935203
1 0.748 0.5912962320051247 0.108 0.052256693774661016
8 0.488 0.40032160590708665 0.473 0.07250385329087704
5 0.8915 0.417126458332311 0.159 0.07685013250158443