0 0.512 0.3919369932432474 0.297 0.04818415428368064
0 0.2095 0.4166568361024616 0.24 0.038189215582772246
8 0.466 0.4476340602565494 0.362 0.04531873350401475
5 0.783 0.4576673158387944 0.128 0.048234248310811835
2 0.5685 0.4719232044116917 0.244 0.0422590358424851
7 0.536 0.4998559148015246 0.181 0.03715936675200737
9 0.781 0.510632405708938 0.111 0.04193751220703212
4 0.4645 0.5956078776591571 0.373 0.044510739218225355
10 0.498 0.5696926223342523 0.108 0.035885147012247674
6 0.592 0.5738333984375048 0.09 0.03957095584353965
1 0.666 0.5756250732421929 0.076 0.036326584934544597