0 0.48628206767662313 0.3764133412954009 0.30363998294079964 0.060288884673249866
0 0.1823638703500774 0.42109827402475863 0.24450035029917064 0.04725903584248511
8 0.44498023088476824 0.4356802285684157 0.3686167108338615 0.059423463893584084
5 0.7662591458688556 0.4222920319428377 0.13160507478039243 0.05428661350559651
2 0.550160589713539 0.4530130103858786 0.24855853056651608 0.05232885610219796
7 0.5190154893443462 0.48296317584063975 0.18447707819223252 0.044211731946792045
9 0.7678874927561863 0.47630948700776593 0.11452362240610864 0.04698987740181679
4 0.45572563890513096 0.5858373241527697 0.3805934387269233 0.05763292467272277
10 0.4868765573010584 0.5563871586980086 0.1104421700318253 0.03992005714210382
6 0.5828300130871821 0.5540628449311176 0.09348871424570143 0.04362332103832432
1 0.6577718328198366 0.5503719748007337 0.07845380608529422 0.04036149506440097