0 0.49663292467272263 0.3857016661998515 0.2996807475322005 0.04247917998725632
0 0.19322639688028206 0.4161643059452497 0.24252365194784653 0.03281592493951848
8 0.4526278633736311 0.44217804379374265 0.36457601714263127 0.03723552346274687
5 0.7726104083087029 0.4449015809038498 0.12876802285684152 0.045489414844042814
2 0.5569944197371236 0.4643881933545275 0.24559347220755945 0.03685083309992569
7 0.5245006166200419 0.4930042035900477 0.18254110701277476 0.03311776173137332
9 0.7725355267498984 0.49788994485038063 0.11168074753220049 0.040291601935068456
4 0.45722866804793544 0.5912013159006808 0.37654110701277477 0.03537515610437594
10 0.48875738129487367 0.5645736696116914 0.10855856207770284 0.03325669377466102
6 0.5837748363598019 0.5666790946912547 0.09064583740234411 0.03804724481221774
1 0.6587573812948736 0.5665517987014359 0.07659347220755944 0.03488434006365037