0 0.1559964243576102 0.367 0.3119928487152204 0.044
3 0.53317320143936 0.314 0.37525016668187117 0.043
9 0.8951958060311196 0.482 0.14427925583092588 0.048
7 0.5781608990522539 0.488 0.25322689536262716 0.039
2 0.5814052479043139 0.446 0.2532559845116821 0.044
4 0.4563056780700433 0.635 0.4512559845116821 0.044
10 0.5205442090922926 0.594 0.13626180234149296 0.045
6 0.6435558447519145 0.592 0.11925598451168207 0.044
1 0.7495674804115363 0.59 0.10827343800111476 0.047
8 0.4736379610967521 0.406 0.48425016668187104 0.043
5 0.8876379610967522 0.406 0.1604014302569558 0.069