0 0.5128845303922055 0.3820223625867913 0.2969251184411955 0.054722077624042756
0 0.21107033922349763 0.39826828689878824 0.23973311272698516 0.04339046132481826
8 0.4649506844185459 0.4352489245856764 0.36090766337626734 0.05409441873194396
5 0.7791801309121585 0.45257863206122184 0.12889020831133893 0.0517446822158023
2 0.5644968527304123 0.4618307075667719 0.2428203880516262 0.04840791481425117
7 0.5315342935098145 0.4881416280979159 0.1806982025971288 0.04104720936597198
9 0.7737724675358912 0.5045524518270725 0.11176802285684152 0.04464577910901608
4 0.4558847898740979 0.5822111086919051 0.3718727532464109 0.05215841485986448
10 0.48932989402976745 0.5569030970756667 0.1086632924672723 0.03862832561958339
6 0.5832251636401982 0.5634499730778967 0.09171565766205686 0.04152942251279683
1 0.6561727984454135 0.5668746746540962 0.07766329246727219 0.0384479728954434