0 0.5058932579246697 0.3874457207757115 0.2939251184411955 0.05811433402396778
0 0.20808779428842583 0.39975283895956676 0.2377156576620569 0.04513685038798758
8 0.45895941195101 0.4401427877890135 0.35689020831133916 0.057214003114445404
5 0.7691888584446226 0.46106258544922507 0.1278552981814828 0.05121679324588365
2 0.5575143077953405 0.46737083921690703 0.24080293298669814 0.05018921558277225
7 0.5245604761072068 0.49280354960674005 0.17868074753220048 0.042107001557222704
9 0.7647986501332835 0.5120014927219764 0.11076802285684152 0.045920057142103815
4 0.44992842753641843 0.5850293298669801 0.36885529818148277 0.05542346389358409
10 0.483873531692088 0.5601140745420754 0.10662838233741581 0.03785023688239107
6 0.5752688013025187 0.5677112129830073 0.09071565766205686 0.04257095584353965
1 0.6482164361077342 0.5719854327227673 0.07666329246727219 0.03932658493454437