0 0.4905 0.3820617093472907 0.3 0.05423651947846531
0 0.187 0.4222640971415767 0.243 0.04224158077755692
8 0.4475 0.4408111415553774 0.365 0.05237109869879941
5 0.7675 0.432896762332407 0.129 0.050251703375740135
2 0.5515 0.459626468307912 0.246 0.047293945972341586
7 0.5205 0.48858536129513724 0.183 0.040194276881863854
9 0.767 0.4858880347999429 0.112 0.04495496727196041
4 0.454 0.5894245994774108 0.377 0.050580559477938096
10 0.486 0.5609831615551137 0.109 0.037902602077175745
6 0.581 0.5601413927232944 0.091 0.041588410908467724
1 0.6545 0.5579243399955185 0.077 0.0383440399994729