0 0.1747314581793737 0.35896067500954076 0.3378727532464109 0.0539213500190815
3 0.5586666992187524 0.3024405555951383 0.37283784311655427 0.05232861189049959
9 0.9234682371397313 0.467152806950947 0.14387275324641086 0.051663955646079104
7 0.6096689703864058 0.4749990861616544 0.2517331127269852 0.044920649420740234
2 0.6109358576594207 0.4330223582685926 0.2518378431165545 0.05092064942074023
4 0.4947610475282461 0.6221318498790369 0.44790766337626736 0.05720131590068081
10 0.5575192072687969 0.5803707392743238 0.1368203880516262 0.0485825032717953
6 0.6789493870090839 0.5777845197708177 0.11980293298669813 0.04738469036282095
1 0.7828795667493712 0.5749946693316024 0.10883784311655449 0.04925669377466101
8 0.5037725651921485 0.39378311857413506 0.4808727532464109 0.0555853056651606
5 0.9126503797376508 0.3915422644429907 0.16023930960990357 0.07285013250158442