0 0.4898241316507027 0.36827506169321034 0.29937815893771197 0.06847917998725632
0 0.1904721529471399 0.4322542416804666 0.24329670932035874 0.053827560992987626
8 0.45046924403223443 0.42972886777850466 0.36437815893771197 0.06923552346274688
5 0.7676379610967522 0.39704023882880485 0.13131998063960237 0.056524323004450025
2 0.5538994300745029 0.4405245362444544 0.2463199806396026 0.05786246915339484
7 0.5242219862652688 0.47136779982179233 0.18327343800111498 0.04912939778484247
9 0.7708354339465825 0.44899951264166305 0.11327925583092588 0.049314874042006525
4 0.463614023050024 0.5765659630299373 0.3763723411079011 0.06837515610437594
10 0.4932856490294472 0.5467226994525995 0.10923853102224916 0.04226832982813039
6 0.5883292827530293 0.5381172743730365 0.09325598451168207 0.04508215297262495
1 0.661870007561706 0.5302620244430586 0.07923271319243805 0.04091924822405781