0 0.15962350788099872 0.3631673215786192 0.3153141628097916 0.05766535684276164
3 0.5307395311134757 0.2928445277148542 0.3703199806396026 0.05930533978356129
9 0.8941325679894573 0.442126458332311 0.14430252715016967 0.05367559169954825
7 0.5827285621813381 0.4622510889879309 0.25027343800111496 0.0499090133672712
2 0.583984213329278 0.42023363490772725 0.2503025271501697 0.0549090133672712
4 0.46959832773807586 0.6130775990834065 0.44533743412903537 0.06317804379374274
10 0.5308452521412994 0.5688619817950578 0.1352908914905479 0.051570867218326384
6 0.6518103451624335 0.5614540193252985 0.11827343800111498 0.04837305430935203
1 0.7557754381835677 0.5542438697645139 0.1092908914905479 0.05126832982813039
8 0.4762805892858945 0.38648451065565387 0.4773432519588464 0.06455039750475339
5 0.8841962307536356 0.36723700084026734 0.1594247015761998 0.07485013250158454