0 0.5015 0.36941764165019414 0.301 0.06175116677309757
0 0.2 0.42266356596219107 0.244 0.04841955047387307
8 0.461 0.4291820195428504 0.365 0.060123507880998656
5 0.78 0.4075379072525452 0.131 0.053762135705235095
2 0.565 0.44378707384318977 0.247 0.052437003963305986
7 0.535 0.47461253894886113 0.184 0.04507048068521578
9 0.7815 0.4605466339972616 0.113 0.047657414768637975
4 0.472 0.5777460156707709 0.377 0.05919332183873007
10 0.503 0.5489263683949105 0.11 0.03963996127920518
6 0.598 0.5439790622269514 0.092 0.04353524034260772
1 0.673 0.5379153994627729 0.078 0.03945379072525452