0 0.4973415851401356 0.3739060059905722 0.30228507366073687 0.05075698460290846
0 0.18920195722467265 0.39611411440879796 0.24422107753281624 0.03941955047387307
8 0.4490128777558166 0.43012675015964635 0.368273438001115 0.04914096137043157
5 0.770954699457707 0.44200009135877394 0.130285073660737 0.0497563178754242
2 0.5518703409254482 0.4552259866301747 0.24825598451168207 0.04544282179311699
7 0.518710350605647 0.4825339982464132 0.18421525970300537 0.038070480685215784
9 0.7676463544777264 0.4949826378693411 0.11325016668187118 0.04365741476863798
4 0.44514311219907876 0.5796092966702135 0.38025598451168197 0.04621077532816298
10 0.4787972846890691 0.5533041939688805 0.10920944187319447 0.03663414344939429
6 0.5737681955400142 0.5588568878009211 0.09223271319243827 0.04053524034260772
1 0.6487623777102033 0.5602932250367428 0.07722107753281625 0.0384479728954434