0 0.5159275183449867 0.37454815865056323 0.29567489110120687 0.06143263577337996
0 0.21507878704008482 0.3910506107447577 0.23852362240610875 0.04776938072564212
8 0.46854422917884825 0.4281066892170793 0.35867489110120687 0.06216570714193222
5 0.7822827682749643 0.44495878645452125 0.12960507478039243 0.05350105089751196
2 0.5683700386759826 0.45494890189690534 0.2425934387269233 0.053815924939518485
7 0.5356667580394442 0.48083289166138515 0.1805003502991708 0.045094489624435255
9 0.7768878430553569 0.49702860277533567 0.11153525845957801 0.047291601935068456
4 0.4612489110120691 0.574711413698301 0.3706632550477377 0.06130533978356129
10 0.4954638277020766 0.5498099698536175 0.10745380608529433 0.0402450577211921
6 0.5885510981030948 0.5562278168809928 0.09048871424570143 0.04304724481221774
1 0.661097642316971 0.5593842030044841 0.07645380608529422 0.03988434006365037