0 0.1655 0.3599628508337131 0.326 0.050896612518371395
3 0.5415 0.31665035484263226 0.363 0.04911187222137687
9 0.8885 0.4881691417870338 0.14 0.048814496173533825
7 0.5825 0.4858888858648815 0.245 0.04242536830368408
2 0.586 0.4449092482692198 0.245 0.04842536830368408
4 0.463 0.6251936552024723 0.436 0.05353657379757647
10 0.5255 0.5865572695656569 0.132 0.04676795353504622
6 0.6445 0.5872495913131608 0.116 0.045674868258070773
1 0.7455 0.5888371921240673 0.106 0.04761668995996115
8 0.4825 0.40430710288378596 0.468 0.05172274435152713
5 0.8815 0.4136284169783571 0.155 0.07090176362069815