0 0.16053224282620848 0.3876847756588228 0.3127563434754905 0.06863044868235443
3 0.5256304486823544 0.3059259800891378 0.3677796155824287 0.07127043162315408
9 0.8907478601145572 0.44069627465312555 0.14366325504773794 0.058663955646079104
7 0.583067851584957 0.47178017912160364 0.24863998294079964 0.057885741260332906
2 0.5830791373392554 0.42977436109486905 0.24869816320814517 0.06288574126033301
4 0.47732489565878883 0.6240310548695301 0.4418610679567123 0.07913149957986639
10 0.5368070912794145 0.5788328916613852 0.1356167108338616 0.05457086721832639
6 0.6551907307447237 0.5674540193252985 0.11959343872692352 0.052384690362820945
1 0.7575801882367673 0.5567613238447174 0.10961671083386136 0.05426832982813039
8 0.4752126016549793 0.3995252368427957 0.47387270401018133 0.08050385329087703
5 0.8768809741311104 0.36634754334822367 0.16090761217058844 0.07986176855505346