0 0.1725 0.3534890012998825 0.332 0.054795081556168274
3 0.5535 0.3013386215622315 0.366 0.05438855376372771
9 0.9035 0.4652293488373554 0.141 0.051461164154878704
7 0.5945 0.47112296390017466 0.247 0.04631140103726966
2 0.598 0.4290618711729259 0.247 0.05131140103726966
4 0.474 0.6142262992240248 0.44 0.05868022856841571
10 0.5375 0.5741179026010831 0.133 0.048321523635452876
6 0.6575 0.572523294809697 0.117 0.047042242596601454
1 0.7605 0.5702254231220905 0.107 0.049867691947319145
8 0.494 0.3903771979254605 0.472 0.05823879064611867
5 0.8975 0.3903340792269247 0.157 0.07274044519373024