0 0.4985666636282788 0.381 0.2925003502991706 0.043
0 0.20262449359645354 0.419 0.2363839897644798 0.033
8 0.45590922660727545 0.4375 0.3564421700318252 0.038
5 0.7669848609548245 0.431 0.12652362240610887 0.045
2 0.5561823235646283 0.457 0.2404421700318253 0.038
7 0.5248623320942285 0.4845 0.1773839897644798 0.033
9 0.7658856042011667 0.4825 0.10946544213876336 0.04
4 0.45772199885425824 0.5825 0.367418897924887 0.036
10 0.48954199032465806 0.555 0.1063839897644798 0.033
6 0.5815361722979235 0.5555 0.0894421700318253 0.038
1 0.6545768984850652 0.552 0.07540726187141808 0.035