0 0.5179042462380484 0.3874631758406397 0.2956167108338614 0.05814924415382416
0 0.21861951322722661 0.4007353838946386 0.23847707819223252 0.045154305452915766
8 0.47252677509864455 0.44016024285394173 0.35860507478039244 0.05824891324430189
5 0.7852071339274154 0.4611149506440097 0.12858180267345415 0.05223424831081184
2 0.5728351305155753 0.46840574934676343 0.24154689451304695 0.05120667064770044
7 0.5396434859325061 0.49432100467166823 0.17946544213876336 0.043124456622151
9 0.7823122087078078 0.513053857916761 0.11151198635263973 0.04593751220703211
4 0.46772563890513097 0.5860467849319083 0.37058180267345414 0.05645837402344046
10 0.5004463736218729 0.5626228020745395 0.10743053397835615 0.03886769194731914
6 0.5935103719159529 0.5697461231128637 0.09047707819223251 0.04257095584353965
1 0.66654528007636 0.5740203428526236 0.0764421700318253 0.03932658493454437