0 0.4975328984440954 0.3705 0.3049600285710519 0.055
0 0.19114269013275628 0.4215 0.24675056779191334 0.043
8 0.4549768670159382 0.431 0.3699251184411955 0.053
5 0.7777910581846461 0.413 0.13290766337626747 0.052
2 0.5596888584446226 0.4475 0.2498378431165545 0.048
7 0.5286739340292401 0.477 0.18573311272698514 0.042
9 0.7783659397434506 0.466 0.1147854779217696 0.045
4 0.46084987974424146 0.5815 0.38190766337626736 0.052
10 0.49286480415962386 0.552 0.11168074753220049 0.039
6 0.5889346244193367 0.548 0.09373311272698516 0.042
1 0.6650218997439779 0.543 0.07968074753220049 0.039