0 0.1625 0.38694539734428024 0.325 0.0678907946885605
3 0.5325 0.3105979943743337 0.365 0.06812350788099866
9 0.895 0.45170695768080504 0.142 0.05782613183315562
7 0.5885 0.4774237928437472 0.247 0.05643700396330598
2 0.5885 0.4349237928437472 0.247 0.06143700396330598
4 0.4815 0.626301285053975 0.439 0.07555402728700937
10 0.5405 0.5826445370128213 0.135 0.0537854070244789
6 0.659 0.5728339498454195 0.118 0.05168650391769279
1 0.761 0.564427368486137 0.108 0.052628325619583166
8 0.482 0.40380419396888045 0.471 0.07674019784096003
5 0.882 0.3781313258932626 0.159 0.07892503493994195