0 0.49222531990269036 0.3739470181851734 0.2963374341290354 0.06316669921875245
0 0.19554530054229297 0.434131172468854 0.24027343800111486 0.05118921558277225
8 0.4525743896913477 0.4346452207823021 0.3603374341290355 0.06428382337415837
5 0.7664405796056958 0.40616433039484173 0.1293083449799806 0.05525170337574013
2 0.5546558393087012 0.4468648041596239 0.2432967093203588 0.05524158077755692
7 0.5258303742030298 0.4773710010425422 0.1812501666818712 0.04615936675200737
9 0.7682431067558655 0.4581381477974494 0.11126762017130386 0.047937512207032115
4 0.4644208839288418 0.5799532150680917 0.3713316162992245 0.06347582908836875
10 0.494252166864324 0.5504295631202452 0.10822689536262727 0.04088514701224767
6 0.5882230777152693 0.5437887870169927 0.09124434885206005 0.04358841090846772
1 0.6606823529065925 0.535523294809697 0.07722689536262714 0.04034403999947267