0 0.5045550275748096 0.37607724878423593 0.2955585305665161 0.051432635773379955
0 0.20327576229155164 0.40357970087843037 0.2394421700318252 0.04078101677911127
8 0.45790922660727545 0.4321125072438138 0.3605352584595779 0.05018897924887051
5 0.7727928660725846 0.4384471504010521 0.1275585305665161 0.04947777879057367
2 0.5591241432972829 0.45543144781670175 0.24248871424570143 0.044815924939518484
7 0.5258099698536176 0.4828154375811815 0.18043053397835615 0.03909448962443526
9 0.7691877912921923 0.49048205856145943 0.11048871424570143 0.04327996588159931
4 0.4522103628007891 0.5781590514576901 0.3715119863526397 0.04831697583703044
10 0.48650708216425076 0.5522634256397413 0.107418897924887 0.0372450577211921
6 0.5794489018969053 0.5561812726671165 0.09045380608529421 0.04004724481221774
1 0.6534430838701708 0.5558202047104042 0.07643053397835615 0.03788434006365037