0 0.4995241709116313 0.371 0.30396002857105203 0.055
0 0.19069252467799516 0.39 0.24475056779191334 0.043
8 0.4505554148081152 0.4265 0.3689251184411955 0.053
5 0.7717761337692637 0.4425 0.13190766337626747 0.052
2 0.5525928555875175 0.453 0.2488378431165545 0.048
7 0.5176128413019915 0.4805 0.18471565766205686 0.041
9 0.7658510153280681 0.4955 0.1147854779217696 0.045
4 0.44093715506888254 0.5765 0.3808902083113391 0.051
10 0.4758909867570162 0.5505 0.11066329246727219 0.038
6 0.5712688013025187 0.5575 0.09373311272698516 0.042
1 0.6462338911726623 0.5595 0.07868074753220049 0.039