0 0.514210775328163 0.38297872886320916 0.29525016668187115 0.04471625979423186
0 0.21387949239268073 0.4102304710050171 0.23819780621357245 0.03538464349500737
8 0.46953366488267106 0.4382169265217161 0.36022689536262725 0.04109441873194396
5 0.7845598451168203 0.44454954291216714 0.12726762017130386 0.04673886438599129
2 0.5701645660534175 0.4613016184177171 0.24222107753281624 0.03940791481425117
7 0.5383245563732187 0.4886154478637666 0.18019780621357245 0.03504720936597198
9 0.781868190096801 0.4975320894227342 0.11023271319243827 0.04063996127920518
4 0.4688888858648814 0.5852081997769997 0.37021525970300534 0.03915259703005358
10 0.5012347133748911 0.5588972792458557 0.10719780621357244 0.03462250778977227
6 0.5942492579494185 0.5619383374182746 0.09022107753281625 0.038523604682985935
1 0.668252166864324 0.5628688568242853 0.07620362404338357 0.0354421550656325