0 0.16745660847865942 0.3811033232845392 0.3266981632081451 0.06379335343092157
3 0.5386304486823544 0.30577471139403967 0.3656981632081452 0.0642471595162159
9 0.8998234944621063 0.4470915501719038 0.14162834688733072 0.05564068353914092
7 0.5925794876384262 0.4726696366136473 0.2475934387269233 0.05387410520686387
2 0.5940907733927245 0.4306463645067091 0.2476516189942688 0.05887410520686399
4 0.48480162355185064 0.6219437844685122 0.4397679795289596 0.07110822747292832
10 0.5452954552259455 0.5777339852068979 0.1345934387269233 0.052559231164857466
6 0.6637023667981927 0.5683551128708113 0.11757016661998523 0.05036141825588288
1 0.7656150963971746 0.5596682354169648 0.10758180267345414 0.051245057721192096
8 0.4867009656015102 0.3983914222279012 0.47175634347549045 0.07048058118393896
5 0.8879566084786595 0.37271954676006375 0.15887270401018122 0.0768384964481154