0 0.16 0.39856914723024717 0.32 0.07286170553950569
3 0.525 0.31194563934924846 0.364 0.07411769005118776
9 0.888 0.44183376712787165 0.142 0.05882613183315561
7 0.5825 0.47511111413511853 0.246 0.059431186133494976
2 0.582 0.434114023050024 0.247 0.06543700396330598
4 0.4795 0.627710350605647 0.437 0.0835423916273876
10 0.5375 0.5818729164766115 0.134 0.05577958919466801
6 0.655 0.5691893214738243 0.118 0.053686503917692786
1 0.7565 0.5585988117480123 0.109 0.05463414344939406
8 0.476 0.40573071300998526 0.469 0.08472856218133802
5 0.8735 0.3689181256601305 0.159 0.08092503493994195