0 0.15887367456286977 0.4070895096345855 0.3134188837463888 0.07382098073082898
3 0.5263675233693167 0.3179485482641539 0.3754363372358216 0.07718168617910828
9 0.9016587482236066 0.45176977099995114 0.14734906978865728 0.060855220982210426
7 0.5883536455222736 0.48709366064568566 0.2533548876184682 0.062471910942171686
2 0.5871034788404026 0.4440994784754966 0.2543839767675231 0.0674777287719827
4 0.4812612269727827 0.6437219862652688 0.45148287987430924 0.08562384124474079
10 0.5414906978865732 0.5968700075617059 0.13833161629922439 0.057802860513912036
6 0.6624179750139363 0.5836660501545805 0.12131416280979147 0.05470395740712547
1 0.7678510699711103 0.5715522691095247 0.11231998063960259 0.05565159693882697
8 0.47693185286097933 0.41523943975470173 0.48349451553393125 0.08781001179869145
5 0.887222410987785 0.3768512206173045 0.1644828798743092 0.08395412408899665