0 0.17052025647356878 0.3445313313364759 0.3196981632081451 0.0618558877096948
3 0.5466304486823544 0.30884091841265127 0.36970979926161407 0.06314677920024246
9 0.8957656644939315 0.4903221314682497 0.1436283468873305 0.054831949662966735
7 0.5846434859325061 0.4816314765394569 0.2505934387269233 0.05245445745273878
2 0.589160589713539 0.4401023873904021 0.2506516189942688 0.05745445745273878
4 0.4607434432845052 0.6198616141807317 0.4447679795289596 0.06858311643606407
10 0.5243070912794145 0.5819892730728307 0.13559343872692328 0.0517854070244789
6 0.6453594535200254 0.5857853156657049 0.11857016661998523 0.04968650391769279
1 0.7484001797071672 0.5886860791951766 0.1085934387269233 0.051628325619583165
8 0.4861427853341648 0.396198714946025 0.4767796155824286 0.06976928699001474
5 0.8903871424570156 0.4148483117023991 0.15988434006365038 0.07692503493994195