0 0.4985 0.3858005726543387 0.291 0.056386091559503713
0 0.206 0.43089702701463145 0.235 0.04373447256523491
8 0.4575 0.4423234944621062 0.354 0.05411916292805597
5 0.767 0.428924853010788 0.126 0.050466142737104744
2 0.5585 0.4594987358624838 0.239 0.04778101677911127
7 0.529 0.48865547228514583 0.177 0.04105958146402804
9 0.769 0.4809481251177261 0.109 0.045268329828130165
4 0.466 0.5874224009165935 0.366 0.053258795569684936
10 0.497 0.5587831185741351 0.105 0.0372217856142538
6 0.5885 0.5563478174665563 0.089 0.04103560875874859
1 0.6615 0.5521972493697994 0.076 0.037884340063650594