0 0.5081306619223587 0.38146347740290587 0.2996981632081451 0.06347917998725632
0 0.2034793932272606 0.39092029912156967 0.24354689451304698 0.04982756099298763
8 0.46000231503502814 0.43491076486312436 0.3646748911012069 0.06223552346274687
5 0.7767579579121773 0.4595993938128242 0.13161671083386137 0.05452432300445002
2 0.5596765055378938 0.46407437021003284 0.2465934387269233 0.05386246915339484
7 0.5258797861744321 0.48918456241881847 0.1835119863526397 0.046129397784842464
9 0.7716528831317849 0.5115470315722133 0.11254689451304693 0.048303237988537605
4 0.44878599714833817 0.582300222355168 0.37666325504773784 0.061375156104375946
10 0.48307108045833075 0.558195848173117 0.10945380608529433 0.04026832982813016
6 0.5774838100573126 0.5667954552259455 0.09248871424570143 0.04307051691915581
1 0.6514372658434363 0.5716565231826578 0.07845380608529422 0.039907612170588434