0 0.4952515001368397 0.39560534700961125 0.30526180234149297 0.05032379480310635
0 0.18492312611626288 0.4196855493493997 0.24720362404338345 0.03931140103726977
8 0.4495831164360642 0.4518024140229132 0.3722327131924383 0.04649328415329694
5 0.7746092966702135 0.461975310124584 0.13227343800111477 0.04930406857052469
2 0.5542227443515271 0.477626468307912 0.25122689536262716 0.04338122129698263
7 0.5208885525011393 0.5055417236328167 0.18620362404338356 0.038246642076648414
9 0.7719234594800051 0.5159229449297993 0.11424434885206028 0.043989877401816785
4 0.44896742656732935 0.603776231425521 0.3842268953626273 0.04570274493243551
10 0.48230743624752814 0.5768609761006162 0.11120362404338334 0.03693751220703211
6 0.5793248897369611 0.5815541173986533 0.09322689536262714 0.04062332103832432
1 0.655324889736961 0.5828807023331979 0.07820944187319447 0.03736149506440097