0 0.5224561211203225 0.39663220017820766 0.30463998294079964 0.05853736025460171
0 0.21274085413114438 0.4115308416295259 0.2465003502991707 0.04586246915339484
8 0.47381032015278823 0.4515736696116916 0.3696167108338616 0.05729370373009226
5 0.7961299613240174 0.47082629685547134 0.13260507478039243 0.05353595905791917
2 0.576007782762592 0.4787663650922727 0.24955853056651608 0.050897377313802054
7 0.5411877912921923 0.5058649212475893 0.18548871424570143 0.04415266989178065
9 0.790513250490156 0.5237681165881259 0.11452362240610864 0.04632651009547567
4 0.46507073015916006 0.600992217237408 0.38160507478039235 0.056433336371721224
10 0.4998616314958872 0.5763936610820914 0.11145380608529422 0.040291601935068456
6 0.5952918151750728 0.583504904188389 0.09348871424570143 0.04308215297262495
1 0.6712569070146654 0.5873892442520393 0.07945380608529422 0.03991924822405781