0 0.497222410987785 0.37335974286053225 0.3043490697886573 0.06530633973817816
0 0.19255111837210392 0.4351835376636386 0.24627343800111487 0.05129394597234159
8 0.4565772986062532 0.43507540052258925 0.3693490697886573 0.06644091895851227
5 0.7784405796056958 0.40595486961570315 0.13331416280979147 0.056321523635452876
2 0.5616645660534175 0.44824261870512633 0.2503025271501697 0.05636376623205433
7 0.5318391009477462 0.47876627065297295 0.18626180234149298 0.048246642076648416
9 0.7817547424154873 0.4599025044209185 0.11427343800111475 0.04898987740181678
4 0.46895288199280194 0.5853746672759147 0.3813374341290355 0.06465037973765084
10 0.4997783470984733 0.55483356026314 0.11123853102224916 0.04293751220703234
6 0.5957434401196076 0.547157874030031 0.09325016668187118 0.04462332103832432
1 0.6712085331407418 0.5398400166279507 0.07923271319243805 0.04137895012932904