0 0.49776383765968435 0.38464344556282093 0.30404730389569296 0.06176280243271947
0 0.1947238662307363 0.44141206582535136 0.2458203880516262 0.04842536830368408
8 0.4578111415553774 0.4448819765850701 0.36904730389569296 0.06214096137043157
5 0.7789009475295643 0.41951154430084797 0.1329425735061236 0.054767953535046106
2 0.5635642399968365 0.4587681955400143 0.24990766337626746 0.05344863962292788
7 0.5330966194771473 0.48944854826415396 0.18576802285684152 0.04507629851502679
9 0.781343521035688 0.4735028175561315 0.1148203880516262 0.047663232598448985
4 0.4719206737621459 0.5943150715422442 0.3809949387009084 0.05921077532816298
10 0.5024057493467635 0.5646347188181045 0.11068074753220049 0.03963996127920518
6 0.5983097464896582 0.5585762071562528 0.09375056779191346 0.043541058172418844
1 0.6731962885676248 0.5516398699204311 0.07869820259712879 0.04045379072525452