0 0.503 0.3715736316050895 0.303 0.06676280243271947
0 0.201 0.433830616207998 0.245 0.05242536830368408
8 0.463 0.43230634479752766 0.369 0.06814677920024247
5 0.784 0.40143882142821097 0.132 0.0567679535350461
2 0.5685 0.44469256375247185 0.249 0.057448639622927886
7 0.5395 0.47536128081698964 0.185 0.048076298515026795
9 0.7875 0.4544184590238727 0.115 0.04966905042825988
4 0.4775 0.5817219862652688 0.38 0.06621077532816298
10 0.508 0.5515445424560346 0.11 0.04163996127920518
6 0.6035 0.5434889397090885 0.094 0.045546876002229966
1 0.678 0.5355555113881723 0.079 0.04145960855506541