0 0.1689622894462276 0.3449869627498483 0.3287679795289596 0.06981662553785986
3 0.5477648268364238 0.31458271651179986 0.36476797952895956 0.07023552346274686
9 0.883588884837705 0.4976497304392492 0.14265161899426881 0.057652319592609955
7 0.5782750616932103 0.4852045447740545 0.24662834688733073 0.05686246915339484
2 0.5842521398854428 0.4441405464799746 0.24669816320814517 0.06286246915339484
4 0.44972164855508756 0.6201823235646283 0.43784943190324316 0.07808495536599003
10 0.5151405464799745 0.5834259800891377 0.13461671083386137 0.05455923116485747
6 0.6335649121324255 0.5885471077530513 0.1185934387269233 0.052373054309352025
1 0.735495095811611 0.5933602302992047 0.10860507478039244 0.05325669377466102
8 0.4837757622915516 0.4003157878803521 0.46984943190324313 0.07845730907700067
5 0.8824499527944172 0.4236730025461874 0.15890761217058844 0.07983849644811539