0 0.18268316122213593 0.3584615173787445 0.3376516189942687 0.05796060864629192
3 0.5702235371101071 0.31670419941209377 0.37263998294079964 0.057164232689675375
9 0.9253122087078077 0.49415050548882655 0.14461671083386135 0.05383776749277763
7 0.6112540284404624 0.4909773040494665 0.25154689451304696 0.048460275282549904
2 0.6147711322214954 0.4494540327302227 0.2516167108338616 0.054460275282549785
4 0.4878947119796033 0.632704532775836 0.44769816320814504 0.06260056992549698
10 0.552440905894309 0.5933263738381238 0.13658180267345416 0.050791224854289795
6 0.6734816320814508 0.5961224164309982 0.11955853056651608 0.04869232174750368
1 0.7784990861616544 0.5970115443008479 0.10958180267345415 0.050634143449394056
8 0.5087591458688556 0.4060678137752785 0.480686527154676 0.06179255830925854
5 0.9189278686441573 0.4181825035527868 0.16084943190324316 0.07393085276975285