0 0.502 0.38684129884148044 0.295 0.05143263577338007
0 0.203 0.42786211885422415 0.239 0.04078101677911127
8 0.46 0.4448525845957789 0.36 0.05018897924887051
5 0.7745 0.4355121234118061 0.127 0.04947777879057367
2 0.5625 0.46254528007636014 0.242 0.044815924939518484
7 0.5315 0.49118456241881847 0.18 0.03909448962443526
9 0.7755 0.48852375946527515 0.11 0.04327996588159931
4 0.466 0.5904224009165935 0.371 0.04831697583703044
10 0.498 0.5627947546276041 0.107 0.0372450577211921
6 0.591 0.561876907600229 0.09 0.04004724481221774
1 0.665 0.5592379755569413 0.076 0.037884340063650594