0 0.17592716804581607 0.3364993332725157 0.32969816320814505 0.06191406600780431
3 0.5580431782813363 0.3012740133698253 0.36970979926161407 0.06314677920024246
9 0.9056783940929133 0.4827639531701402 0.1436283468873305 0.054831949662966624
7 0.595056215531488 0.47407038932644185 0.2505934387269233 0.05245445745273878
2 0.5995733193125209 0.432541300177387 0.2506516189942688 0.05745445745273878
4 0.47116199091022154 0.6128005269677167 0.4447679795289596 0.0685831164360643
10 0.5357314569318655 0.5754223680300047 0.13559343872692328 0.0517854070244789
6 0.6557838191724763 0.57922422845269 0.11857016661998523 0.04968650391769279
1 0.7588245453596181 0.5821249919821615 0.1085934387269233 0.051628325619583165
8 0.49605551493314665 0.3886405366479154 0.4767796155824286 0.06976928699001474
5 0.9007998720559974 0.40728722448938404 0.15988434006365038 0.07692503493994195