0 0.511 0.3635270889666018 0.304 0.056768620262530475
0 0.2015 0.38282770729309257 0.246 0.044431186133494976
8 0.463 0.4193063447975277 0.369 0.05514677920024246
5 0.7865 0.4324242768536836 0.132 0.052767953535046104
2 0.566 0.4452071083269993 0.249 0.049448639622927885
7 0.5325 0.4724020056256663 0.185 0.04307629851502679
9 0.782 0.4859504570878329 0.114 0.04566323259844898
4 0.456 0.5693470696062043 0.381 0.05421659315797388
10 0.4905 0.5436463544777264 0.111 0.03964577910901607
6 0.5865 0.5490878428158746 0.093 0.04254105817241884
1 0.6625 0.5516456877502421 0.079 0.03945960855506564