0 0.510210775328163 0.37408888483770497 0.2942792558309259 0.051420999719910924
0 0.21135040324362597 0.4015680648249613 0.23821525970300536 0.03976938072564212
8 0.4650278470528601 0.42911832527054833 0.35826180234149296 0.04916570714193233
5 0.7785860253509697 0.4354704225079903 0.12727343800111499 0.04847777879057378
2 0.5661703838832285 0.4524430838701708 0.24124434885206006 0.044804288886049336
7 0.5333274652881242 0.47982707363465055 0.17921525970300536 0.03908285357096611
9 0.7753885525011394 0.48751114869513207 0.11024434885206005 0.04327996588159931
4 0.46138306803507056 0.5761706875111593 0.37025598451168207 0.048305339783561295
10 0.49523471337489117 0.5502750616932103 0.10620944187319446 0.03723342166772295
6 0.588257984694135 0.5531929087205855 0.08922689536262715 0.04003560875874859
1 0.6612667114388514 0.5538434768173423 0.07521525970300535 0.037872704010181224