0 0.16159624112028845 0.39408660071968 0.31483779584977406 0.07382679856063999
3 0.5300839044684781 0.30493691260453204 0.37587270401018147 0.07718168617910828
9 0.9056664077402736 0.4387610442552347 0.14769816320814516 0.060855220982210426
7 0.592056215531488 0.4740878428158747 0.2537097992616141 0.062471910942171686
2 0.5905558652323173 0.43109366064568566 0.2547679795289596 0.0674777287719827
4 0.4868714398726651 0.630710350605647 0.45196579243793406 0.08562384124474079
10 0.5463303633863527 0.5838612808169896 0.13866325504773772 0.057802860513911807
6 0.6676790946912546 0.5701544144949585 0.12162834688733051 0.05470395740712547
1 0.7720510981030947 0.5585464512797137 0.11263998294079966 0.05565159693882697
8 0.4802009656015102 0.4012336219248907 0.4839890645448722 0.08781001179869145
5 0.8902820676766232 0.36284540278749355 0.16496579243793394 0.08395412408899665