0 0.1643241316507027 0.3720625970973974 0.3272792558309258 0.05180498948439072
3 0.5381644746946436 0.3092165311266943 0.361273438001115 0.05120061530233954
9 0.88775980215904 0.46063809438578013 0.13927925583092587 0.049617411432202746
7 0.582692897116214 0.4756870906938509 0.24423853102224916 0.04383919704645666
2 0.5854314281384632 0.4346580005601782 0.24426762017130385 0.04883919704645666
4 0.4683609474532474 0.6200077827625922 0.4342908914905478 0.05505004720558281
10 0.5300994784754967 0.5782921654742433 0.13126762017130386 0.047524323004450024
6 0.6481227497947405 0.5729191111648914 0.11525598451168208 0.04533814614894482
1 0.7491460211139842 0.5677438697645139 0.10527343800111476 0.048221785614253804
8 0.4821466878414686 0.39886233209422844 0.4652850736607369 0.054410764863124315
5 0.8801874126501452 0.38723118281353275 0.1544014302569558 0.07079195223423904