0 0.5291118722213768 0.36913220017820764 0.3063257984694135 0.05956063236154
0 0.21822241098778494 0.38451338754932224 0.24725598451168207 0.04687410520686399
8 0.4804405796056958 0.4250620335582225 0.37230834497998055 0.057328611890499474
5 0.8065365737975766 0.4453553869891441 0.1333025271501697 0.05354759511138832
2 0.5845947520956861 0.4527721831190073 0.25127925583092586 0.050920649420740344
7 0.5512547424154873 0.47988237532779293 0.18624434885206007 0.044164305945249796
9 0.8018478276924628 0.4987972067217986 0.11526762017130386 0.04733814614894481
4 0.47581907190715006 0.5759980352641426 0.38430252715016966 0.05646824453212867
10 0.5096736261618762 0.5513936610820913 0.11222689536262725 0.040303237988537605
6 0.6067085331407418 0.5585223582685926 0.09424434885206029 0.04309378902609387
1 0.6827259866301747 0.562406698332243 0.07922689536262714 0.03991924822405781