0 0.16199551562515768 0.3402071896114852 0.3063490697886573 0.06534124986803454
3 0.5367948004966797 0.2991615402634036 0.37736652327809017 0.06958055947793798
9 0.8913885525011394 0.48099117481127873 0.14631998063960258 0.057548439479519854
7 0.5738245563732188 0.47553315792598777 0.25530252715016966 0.05645104155669549
2 0.5785772986062532 0.4329458826013467 0.25533161629922463 0.061451041556695486
4 0.4461419614616581 0.6182761337692636 0.4533956124271449 0.07590714441248246
10 0.5129179750139362 0.5786066444190731 0.1383025271501697 0.054408798960093915
6 0.6349441552480856 0.5809771264978306 0.12129089149054789 0.05211206285631442
1 0.7409645176524239 0.5826268896154395 0.11030834497998057 0.054920057142103816
8 0.47381258734985476 0.3892699368863454 0.4863956124271449 0.07648316155511373
5 0.8874376706907904 0.4035522675385274 0.1634479728954434 0.07984517558329947