0 0.48936485645937944 0.3584208355877811 0.30228507366073676 0.0542714296083218
0 0.18310305411788638 0.4087620854558156 0.2442210775328163 0.0422590358424851
8 0.44601578667072206 0.41917140337969444 0.368273438001115 0.053423463893584086
5 0.76759432737317 0.4000596000052725 0.130285073660737 0.051269158440668205
2 0.5494168835639358 0.43436480415962386 0.24825598451168207 0.04832885610219796
7 0.5182423486696072 0.46490591117239866 0.18421525970300537 0.04021173194679204
9 0.7672801645633783 0.45405960000527246 0.11325016668187118 0.0449724223368886
4 0.4511460211139843 0.5685666729901252 0.3802559845116821 0.05063292467272276
10 0.48331473817850196 0.5390081109124222 0.10920944187319435 0.037902602077175745
6 0.5783292827530293 0.5348498797442415 0.09223271319243827 0.04160586597339602
1 0.6533496451573676 0.5300407498746251 0.07722107753281625 0.0393440399994729