0 0.17 0.34851096893213757 0.331 0.05592570166742621
3 0.5525 0.3072856490294472 0.368 0.05714096137043157
9 0.9025 0.48274940859561283 0.143 0.05283194966296662
7 0.5915 0.47855875366681994 0.249 0.048448639622927885
2 0.596 0.43803257343267066 0.249 0.05344863962292788
4 0.4675 0.6192801645633783 0.443 0.06057729860625341
10 0.532 0.5809049145405718 0.134 0.049779589194668
6 0.653 0.582700957133446 0.117 0.047680686087881896
1 0.756 0.5836017206629177 0.108 0.050628325619583164
8 0.4915 0.3946405366479155 0.475 0.06176346916020384
5 0.8975 0.40677849774466757 0.158 0.07391921711013094