0 0.506 0.38688784305535684 0.301 0.058502452094194496
0 0.2 0.40132721069381694 0.243 0.045827560992987626
8 0.4585 0.4408351305155753 0.365 0.0562471595162159
5 0.778 0.4605528495989479 0.13 0.05251268695098099
2 0.56 0.46851618994268746 0.246 0.04986246915339484
7 0.5265 0.4956263821514731 0.183 0.04212939778484247
9 0.773 0.5134946693316025 0.113 0.04631487404200652
4 0.4515 0.5897536781412918 0.377 0.055386792157844866
10 0.486 0.5651551219859752 0.11 0.03927996588159931
6 0.5805 0.5722547290388036 0.092 0.04307051691915558
1 0.6555 0.575627433048985 0.078 0.03890761217058843