0 0.516 0.38049318649703967 0.303 0.05528888467324987
0 0.207 0.409886801559859 0.246 0.04329394597234159
8 0.469 0.43781357454866593 0.369 0.053440918958512273
5 0.7915 0.4421843161093158 0.131 0.052286613505596505
2 0.572 0.46051570286105953 0.249 0.04834631116712615
7 0.539 0.4890917200036907 0.185 0.04122918701172034
9 0.789 0.49522795377163636 0.113 0.0449724223368886
4 0.4645 0.5878921223408429 0.381 0.05165037973765084
10 0.4985 0.5612986501332834 0.11 0.038920057142103816
6 0.5945 0.5641229639001747 0.092 0.04160586597339602
1 0.6705 0.5642963789656301 0.078 0.03936149506440097