0 0.15921950207287947 0.3833268603946463 0.31437815893771204 0.0686537207892926
3 0.5252686202625305 0.3100914739910658 0.367389794597334 0.07127043162315408
9 0.8905772986062532 0.4533328154805472 0.1433316162992246 0.058663955646079104
7 0.5817372889260545 0.47723727495859997 0.2483199806396026 0.057885741260332906
2 0.5819987579038053 0.43624309298533454 0.24834906978865728 0.06288574126033301
4 0.47611287231260324 0.6264980352641426 0.4414305194060107 0.07913149957986616
10 0.5348568878009212 0.5831845624188184 0.13530834497998057 0.05457086721832639
6 0.6542958005879062 0.5740750708083742 0.11929670932035878 0.052384690362820945
1 0.7567434401196076 0.5662677662889553 0.10930834497998057 0.054268329828130166
8 0.47531258734985476 0.403003853290877 0.4734363372358216 0.08050385329087703
5 0.877149688115148 0.3796815467854491 0.1604537907252545 0.07986176855505357