0 0.17403333151892889 0.3464977288323466 0.3303141628097916 0.059760171426311785
3 0.5533064361563016 0.300873531692088 0.3643141628097917 0.060353643633871114
9 0.8993332831179353 0.47135153429185295 0.1413025271501697 0.0544611641548787
7 0.5912983761390694 0.4707276942897439 0.24627343800111476 0.05129394597234159
2 0.5965598451168204 0.42963169143263874 0.24630252715016968 0.05629394597234159
4 0.47060705448279233 0.6118484846785224 0.43833743412903536 0.06564531843855935
10 0.534385976949976 0.5727313605231165 0.13328507366073677 0.05132152363545288
6 0.6534005215245033 0.5731542077966585 0.11627343800111475 0.04902478753167316
1 0.7554092482692198 0.5728737911739804 0.10728507366073677 0.050867691947319146
8 0.4928125873498548 0.3889382906527093 0.4703316162992244 0.0652038805162623
5 0.8948940369672082 0.3959213545515658 0.15741888374638893 0.07474044519373012