0 0.49466783480257914 0.3876783940929133 0.3026807475322005 0.042514088147663526
0 0.18727876207506675 0.41909448962443524 0.24552365194784653 0.032850833099925696
8 0.4506802285684157 0.4451547716868045 0.36859347220755945 0.038282067676623115
5 0.7736627735034876 0.4479132169573189 0.13078547792176984 0.04651268695098099
2 0.5550642399968365 0.4683649212475893 0.24861092727248751 0.03788574126033291
7 0.5225529818148266 0.49598093148310957 0.18455856207770285 0.034141033838311616
9 0.7726053470096113 0.5018899448503806 0.11268074753220049 0.04030323798853749
4 0.45431594337257664 0.5961664077402736 0.38055856207770283 0.03642170031825208
10 0.48682720155458653 0.5685503975047534 0.10957601714263114 0.03426832982813016
6 0.5828446566195147 0.5706674586377856 0.09164583740234411 0.03805888086568666
1 0.6578272015545865 0.5705401626479669 0.07761092727248751 0.03589597611711952