0 0.15316023941436843 0.4022279539401591 0.29782615979630506 0.07445590788031814
3 0.5126711748694962 0.3214227512157641 0.3738610679567123 0.07834024794396863
9 0.8862420420878228 0.46075136310626363 0.14669816320814516 0.061698863806486315
7 0.5736318498790369 0.4906092783704401 0.25269816320814514 0.06293228547420938
2 0.5731314995798664 0.4476092783704401 0.2537679795289596 0.0689439215276784
4 0.4694354381667451 0.6443758567027171 0.44896579243793405 0.08821295195414995
10 0.5288943616804327 0.5985740199108622 0.13866325504773772 0.0586057753787336
6 0.6492489110120692 0.5874761643538869 0.12162834688733051 0.055407962469759243
1 0.7536150963971746 0.5771921319414062 0.11163998294079966 0.05629160193506823
8 0.4627882360025284 0.41682931248884075 0.48197742849140307 0.08959694171862975
5 0.8708693380776412 0.38558264033096185 0.16395415638446503 0.08389667671546079