0 0.5126904129238247 0.37947000211849274 0.2972792558309259 0.04972789545385376
0 0.21082713192438216 0.4012130175155842 0.2412210775328163 0.03940209698444028
8 0.4670103935634273 0.43420238194718874 0.362267620171304 0.048106054391565865
5 0.7835714807764422 0.4465437250823561 0.12827925583092586 0.0487446822158023
2 0.5681558393087012 0.45978998275809524 0.24424434885206006 0.043419550473873185
7 0.5353100117986914 0.4860979943743337 0.18121525970300537 0.03805302719578287
9 0.7813710990117065 0.49802918050782874 0.11124434885206029 0.042645779109016076
4 0.4633656145456376 0.5811762017130395 0.37425598451168207 0.04617586834929716
10 0.4972172598854583 0.555874007926612 0.10820944187319435 0.036628325619583166
6 0.5912405312047022 0.5604208839288417 0.09022689536262715 0.039523604682985936
1 0.6652492579494185 0.5623514033348525 0.07621525970300536 0.037442155065632504