0 0.1524964243576102 0.37321386579249555 0.3049928487152204 0.06357226841500892
3 0.520745924311997 0.2954201620624033 0.3753607054482791 0.0663635200509068
9 0.8893790676701646 0.4401206403055765 0.14531998063960236 0.05668722775301728
7 0.5737481664994182 0.46629181517507273 0.25330252715016965 0.054943921527678415
2 0.5749983331812892 0.42328017912160365 0.2533316162992244 0.05994392152767841
4 0.4608638563681529 0.6195950531636102 0.451389794597334 0.07224786011455717
10 0.5231227497947405 0.5743736178485269 0.1373025271501697 0.053594139325264675
6 0.644669292433228 0.5649598373520333 0.12029089149054767 0.05139632641629032
1 0.7492129261568102 0.5562438697645138 0.11030252715016968 0.05327996588159931
8 0.46619323047995626 0.39104850894973386 0.4833956124271449 0.07362021382556792
5 0.8778183138208917 0.36476027294720553 0.1624479728954434 0.07888504066199176