0 0.16884011088480225 0.3585064845572953 0.32761671083386146 0.05490243034818241
3 0.5447939169700966 0.321691079651309 0.36162834688733053 0.056100236561754856
9 0.8847692436664759 0.49768077744665573 0.14059343872692354 0.05181449617353383
7 0.5798216059070866 0.4914063393543144 0.24452362240610886 0.04641955047387319
2 0.5847986840993192 0.45043251958846364 0.24458180267345414 0.051419550473873074
4 0.45722746658182206 0.6277023819471887 0.43466325504773784 0.059524938137954675
10 0.5211696366136473 0.5900718141401844 0.13157016661998522 0.0497621357052351
6 0.6391463645067093 0.5927583180578772 0.11553525845957802 0.046669050428259654
1 0.7401172743730364 0.5958459188687837 0.10657016661998522 0.04961668995996115
8 0.48378158031828616 0.40834200986265173 0.4656632550477379 0.05970529086209422
5 0.880118675569719 0.42464877938269546 0.1558261597963051 0.07190176362069815