0 0.4986503797376509 0.38672493830678967 0.30085529818148266 0.05249081604072535
0 0.1954358576594207 0.42818757805218793 0.24366329246727225 0.04082756099298763
8 0.4566715010359516 0.444724588007619 0.365802932986698 0.0502471595162159
5 0.775962040256813 0.4364423070909916 0.1298378431165545 0.04950105089751196
2 0.5604769646721954 0.4634289195416693 0.24675056779191346 0.04586246915339484
7 0.5300006166200419 0.4930682018841277 0.1836458374023441 0.039129397784842465
9 0.7768871586980085 0.48944230709099157 0.11275056779191345 0.04430323798853749
4 0.4652723057102561 0.5937944043284336 0.3777680228568415 0.04838679215784487
10 0.49678356389226597 0.5661667580394442 0.10962838233741581 0.03726832982813039
6 0.5917399262299454 0.5647721831190072 0.09169820259712878 0.04105888086568666
1 0.6656788335026966 0.5621332510757195 0.07764583740234411 0.03789597611711952