0 0.4887820676766232 0.3708187385434079 0.3047563434754906 0.06676862026253047
0 0.1854860489115028 0.4295501182808774 0.2475934387269233 0.052437003963305986
8 0.4484976849649719 0.43208020752115867 0.37076797952895957 0.06815259703005347
5 0.7711602394143683 0.40495936655009723 0.13365161899426858 0.05677377136485711
2 0.5551373176066009 0.44469980639602547 0.2506516189942688 0.05745445745273878
7 0.5250038532908771 0.4760223625867913 0.18655853056651608 0.04908211634483769
9 0.77427695024823 0.4579739111246247 0.11557016661998523 0.04966905042825988
4 0.46423727495860007 0.581661657138512 0.38175634347549053 0.06721659315797388
10 0.49538819335452744 0.5518449187775571 0.11148871424570155 0.042645779109016076
6 0.5913067409802438 0.5454034304394088 0.09452362240610865 0.045546876002229966
1 0.6657136525524912 0.5378368587603249 0.08048871424570143 0.042465426384876534