0 0.5057049574983521 0.379 0.30137815893771197 0.065
0 0.20605693620191487 0.4395 0.24429670932035868 0.051
8 0.4660598451168203 0.44 0.3653781589377121 0.065
5 0.7848911280523027 0.411 0.1313199806396026 0.055
2 0.5716296590745518 0.452 0.2473199806396026 0.055
7 0.5413129207135969 0.4835 0.18427343800111498 0.047
9 0.7886994730322833 0.464 0.114285073660737 0.049
4 0.48192088392884175 0.588 0.3773723411079012 0.064
10 0.5112492579494186 0.5585 0.11023853102224916 0.041
6 0.6062056242258363 0.551 0.09326180234149296 0.045
1 0.6806619905022542 0.5435 0.07923271319243805 0.04