0 0.162 0.35494248842937476 0.314 0.056826798560639984
3 0.5395 0.3166387191830104 0.374 0.05817586834929739
9 0.8945 0.4992040487658995 0.145 0.053843585322588525
7 0.5785 0.49186561454563765 0.252 0.0494660931123608
2 0.583 0.450391794779787 0.252 0.054466093112360794
4 0.4535 0.6331383858192683 0.45 0.06261802341492989
10 0.519 0.594519453671886 0.136 0.050791224854289795
6 0.641 0.5977292289088224 0.119 0.04869232174750368
1 0.746 0.5998401010389728 0.11 0.050639961279205184
8 0.4775 0.4057780137347312 0.482 0.06280419396888055
5 0.889 0.42267205070193925 0.161 0.07593667059956374