0 0.5216176900511877 0.3579550702228105 0.3043490697886573 0.0635373602546017
0 0.21219623075363564 0.3750564287714922 0.24627343800111487 0.04986246915339484
8 0.47293767069079035 0.4135252368427957 0.3693490697886573 0.06429370373009226
5 0.7955627540317258 0.4312726095990158 0.1333141628097917 0.05554759511138832
2 0.575606387755308 0.44133254136221445 0.2503025271501697 0.0549090133672712
7 0.5407605602452983 0.4682398032336324 0.18626180234149298 0.04716430594524968
9 0.789874007926612 0.48484242591983034 0.11427343800111475 0.04832651009547567
4 0.4643132540773391 0.564135779350752 0.38133743412903537 0.06243333637172122
10 0.49916489941715975 0.538228517479334 0.11123853102224916 0.04229160193506823
6 0.5947143509705529 0.5456172743730365 0.09325016668187118 0.04408215297262495
1 0.6707347133748912 0.5482329343093859 0.07923271319243827 0.04091924822405781