0 0.17207183194547396 0.37842576684913354 0.32792511844119554 0.056804989484390715
3 0.5429547077900679 0.318754378739633 0.36194257350612363 0.05820061530233954
9 0.8990555124643724 0.4718677236409544 0.14089020831133894 0.05262904748567189
7 0.595843521035688 0.4848361814130872 0.24478547792176983 0.04783919704645666
2 0.596627863373631 0.4438536354932909 0.24487275324641086 0.05283919704645666
4 0.48737450545027955 0.6285445794780189 0.4349949387009083 0.06205004720558281
10 0.5461588477882227 0.5882369246594294 0.13185529818148278 0.050524323004450256
6 0.6635453898661893 0.5831041609420468 0.11580293298669812 0.04733814614894481
1 0.7654493870090839 0.5787910383958934 0.10685529818148279 0.050233421667722954
8 0.49052566363360756 0.4081260318523024 0.4659949387009085 0.062410764863124316
5 0.8882812927246125 0.3987571811329981 0.15623930960990356 0.07280358828770818