0 0.5174275183449867 0.3775154533069799 0.2945585305665161 0.04971044196442085
0 0.2177009656015102 0.4027608022502665 0.2384305339783561 0.038384643495007364
8 0.47256168325905185 0.43228016456337837 0.35852362240610886 0.04708278307232206
5 0.7851722257670081 0.4399620927474548 0.12754689451304693 0.04773886438599129
2 0.5728467665690443 0.4561983815822829 0.24148871424570142 0.04340209698444028
7 0.5401551219859752 0.4828903699660444 0.17943053397835615 0.03804139153616097
9 0.7832773005474005 0.4919766373219822 0.11048871424570143 0.042639961279205066
4 0.4697721831190073 0.5793063447975275 0.3705119863526397 0.04615259703005358
10 0.5024696457288111 0.5531143564137663 0.106418897924887 0.03661668995996115
6 0.5955161899426873 0.5565732982413473 0.08945380608529421 0.03951778685317504
1 0.6685336440228911 0.5576485966651475 0.07543053397835615 0.03743633723582161