0 0.5287397731184439 0.38541073237038276 0.30137815893771197 0.06675116677309757
0 0.2216932304799562 0.395196806122346 0.24429670932035874 0.052419550473873075
8 0.4784285192235577 0.4392016238609305 0.3653781589377122 0.06712350788099866
5 0.7972714378186619 0.46434573615123576 0.13131998063960237 0.0557621357052351
2 0.5787539843292291 0.46861693196492943 0.2473199806396026 0.05643700396330598
7 0.5446085385839551 0.49381473817850197 0.18427343800111476 0.048070480685215786
9 0.7899660017535869 0.5168864609599124 0.114285073660737 0.049663232598448986
4 0.4655645714966309 0.587771437818662 0.3773723411079012 0.06619332183873029
10 0.5012100172419047 0.5625649048603729 0.11023853102224916 0.04163996127920518
6 0.5956547478587008 0.5715151199432378 0.09326180234149296 0.045541058172418845
1 0.6701227497947404 0.5765816916223216 0.07923271319243805 0.04045960855506564