0 0.17671364597629588 0.3283144506506003 0.3342567646748316 0.07781253662109645
3 0.5600540197423961 0.302129160783093 0.368291674804688 0.08040600882865578
9 0.8941502820813937 0.49123807636981953 0.1450298488307649 0.06151352934966326
7 0.5860342935098145 0.4746229639001746 0.24902984883076487 0.06332885610219796
2 0.5932412236394072 0.4340095059781412 0.25011712415540593 0.06834631116712626
4 0.45370404234189743 0.6103921223408428 0.44241386025918567 0.08869768363334378
10 0.5208236971468491 0.5737313605231166 0.13596002857105213 0.057356433765309245
6 0.6391753290949593 0.5801629353291227 0.11992511844119554 0.05507715272645783
1 0.7420531436404617 0.5853650636415164 0.11096002857105214 0.05692005714210382
8 0.4930790667559617 0.38777246753589123 0.47444877038904215 0.09125624571104686
5 0.89495941195101 0.41624680390228364 0.16239640519425735 0.08281026545344299