0 0.15557132413749922 0.359 0.31114264827499843 0.055
3 0.531788098943362 0.319 0.37263998294079964 0.055
9 0.8826994273456612 0.4985 0.14461671083386135 0.053
7 0.5677576076130068 0.4935 0.25154689451304696 0.047
2 0.5732463218587083 0.4515 0.2516167108338616 0.053
4 0.44211692407386577 0.6345 0.44769816320814515 0.06
10 0.5075707301591601 0.5955 0.13658180267345416 0.05
6 0.6285300039720182 0.599 0.11955853056651586 0.048
1 0.7335125498918146 0.6005 0.10958180267345415 0.05
8 0.4682524901846134 0.408 0.480686527154676 0.059
5 0.8780837674093117 0.4225 0.16084943190324316 0.073