0 0.1637295683768459 0.36504514301719376 0.32648871424570153 0.04579335343092157
3 0.5383346431572383 0.30869325901975614 0.3604770781922325 0.04518897924887051
9 0.8844496024952466 0.4666439124125146 0.138535258459578 0.047605775378733596
7 0.5793914222279012 0.4751929087205855 0.24343053397835615 0.03982756099298763
2 0.5828685004201336 0.4341580005601783 0.24348871424570143 0.044827560992987625
4 0.4617507386887602 0.6175426909229993 0.43348871424570157 0.047038411152113664
10 0.5242045447740545 0.5778212556079161 0.13051198635263972 0.04551268695098088
6 0.6422278168809928 0.5744482012985641 0.11448871424570144 0.04332651009547567
1 0.7432510889879309 0.5712729598981865 0.10452362240610887 0.04621014956078488
8 0.4803106704519589 0.39735651406749395 0.4644770781922325 0.04639912880965528
5 0.8773106704519589 0.39273700084026736 0.1537679795289596 0.06778031618076989