0 0.1685 0.35655882155959534 0.328 0.0597252612964553
3 0.5485 0.31092589688687267 0.366 0.06138855376372771
9 0.8965 0.48135153429185296 0.142 0.05447861921980689
7 0.5865 0.4817626044196004 0.247 0.05131140103726978
2 0.592 0.4396666015624952 0.247 0.056311401037269664
4 0.4645 0.6228921223408429 0.44 0.06568022856841571
10 0.528 0.5837837257179012 0.133 0.05132152363545288
6 0.648 0.583689117926515 0.117 0.049042242596601456
1 0.751 0.5838912462389086 0.108 0.051885147012247446
8 0.488 0.39898192831502977 0.472 0.06623879064611879
5 0.891 0.40594753714895815 0.158 0.07475790025865843