0 0.17728635402370413 0.3285064563648107 0.32022185454497526 0.0755681657121014
3 0.5559372527251398 0.3018909867570162 0.3722916748046882 0.08047582908836876
9 0.9008671729835346 0.4924300820840299 0.14702984883076486 0.06154843947951986
7 0.5880006166200419 0.47688478987409794 0.25204730389569296 0.06438122129698264
2 0.5937762314255209 0.43527133195206447 0.2531345792203342 0.06939867636191081
4 0.4593221402554949 0.6121714033796944 0.44743131532411395 0.08978495895798505
10 0.5257199405154713 0.5765019140295038 0.1379949387009083 0.05939134389516584
6 0.6458683085673613 0.5829073062381177 0.12092511844119554 0.05509460779138613
1 0.7494904940218587 0.5881007070180472 0.11196002857105214 0.05693751220703234
8 0.4909122057115742 0.3875517485747427 0.479448770389042 0.09134352103568802
5 0.89804058804899 0.4164562646814222 0.16341386025918564 0.08382772051837128