0 0.17401073921822516 0.372025513506665 0.32483784311655445 0.0498849768587495
3 0.5435070729848527 0.3123700075617061 0.3588203880516262 0.049082783072321945
9 0.8947038805162622 0.4648424938725881 0.13883784311655425 0.04880286051391181
7 0.5918871586980086 0.47710529630530757 0.24271565766205686 0.04240791481425117
2 0.5946889561008799 0.4370849339009692 0.2428029329866979 0.04740791481425117
4 0.4818657779178155 0.61975980215904 0.43185529818148266 0.05150748464852177
10 0.5426675753206868 0.5794020056256663 0.1317854779217698 0.045762135705235324
6 0.6595977550609738 0.5747213195377845 0.11476802285684153 0.04466323259844876
1 0.759527934801261 0.570139536556689 0.10482038805162619 0.04760505430033936
8 0.49056057376346407 0.4016870792864031 0.4628552981814826 0.051687837372661305
5 0.8844383883089665 0.3923948543408867 0.15420439948004697 0.06989012796107613