0 0.4863234376649568 0.37963180990319906 0.30285529818148266 0.05075698460290846
0 0.17789578857421542 0.40592370148497325 0.2446632924672723 0.03941955047387307
8 0.43833722649651247 0.4364052479043139 0.3688203880516262 0.04914096137043157
5 0.7601539483147662 0.44503190670518633 0.13085529818148278 0.0497563178754242
2 0.5414095774057712 0.46030310251888 0.24876802285684152 0.04544282179311699
7 0.506920835587781 0.4885009087324525 0.184645837402344 0.038070480685215784
9 0.7552375574060347 0.4975551780244301 0.11375056779191345 0.04365741476863787
4 0.4317189667572799 0.5864285192235578 0.3807680228568415 0.04621077532816298
10 0.4661727984454135 0.5602307130099853 0.10962838233741581 0.03663414344939406
6 0.5615942506532365 0.564175110263039 0.09269820259712878 0.04053524034260772
1 0.6365680680558442 0.5652387730272174 0.07766329246727219 0.038447972895443626