0 0.498 0.36820524537239585 0.3 0.04749081604072535
0 0.1925 0.4012600597072012 0.242 0.036815924939518484
8 0.452 0.42574050383197376 0.365 0.043247159516215904
5 0.772 0.4265169667218667 0.129 0.04750105089751196
2 0.555 0.447541990324658 0.246 0.040862469153394844
7 0.5225 0.4754201620624033 0.183 0.03612939778484247
9 0.7695 0.47854605685553936 0.112 0.04230323798853749
4 0.4505 0.5747579579121773 0.376 0.04237515610437595
10 0.484 0.546868150120963 0.109 0.03526832982813016
6 0.579 0.5487627250414 0.091 0.04005888086568666
1 0.653 0.5479016570846877 0.077 0.03589597611711952