0 0.5205369218156175 0.3715096354771689 0.3027680228568415 0.04575698460290846
0 0.21572639688028206 0.4127869824844158 0.2435934722075594 0.035413732644062064
8 0.4775493155814541 0.429765619988851 0.36869820259712865 0.04214096137043157
5 0.7994358576594207 0.42139227878972335 0.13082038805162619 0.047756317875424205
2 0.5818984168800184 0.4491605656885116 0.24868074753220049 0.04044282179311699
7 0.5509046137629368 0.4783438273275567 0.18459347220755945 0.03507048068521578
9 0.7998609761006162 0.47439518770462885 0.11371565766205685 0.041657414768637865
4 0.48466757532068677 0.5797394397547018 0.3796632924672722 0.04020495749835209
10 0.5156875610351608 0.5520561781156567 0.10959347220755944 0.034634143449394285
6 0.6116701059702325 0.5504976664538048 0.09268074753220049 0.03953524034260795
1 0.6866351958403761 0.5480613292179832 0.07762838233741581 0.0364479728954434