0 0.183 0.3395646628554048 0.325 0.07189079468856051
3 0.557 0.3237405312047021 0.359 0.07408860090213296
9 0.8875 0.516163323957223 0.14 0.05881449617353383
7 0.585 0.49290343043940893 0.243 0.059413732644062064
2 0.5925 0.4534470641629911 0.244 0.06441955047387318
4 0.4585 0.621667474968323 0.432 0.08151330247833266
10 0.5235 0.5885456339060352 0.133 0.05477377136485711
6 0.6405 0.5972263199939168 0.116 0.052674868258071
1 0.74 0.6048051940601069 0.107 0.05462250778977227
8 0.4935 0.4058710990117065 0.463 0.08369365520247231
5 0.886 0.4426545972125065 0.157 0.07991339928031993