0 0.503 0.3839263683949105 0.292 0.04469880630479895
0 0.2075 0.4202071996857732 0.236 0.034373007835385466
8 0.461 0.4401820195428504 0.356 0.04007114741270015
5 0.772 0.43549136461405746 0.126 0.0457330465561804
2 0.5615 0.4602667114388514 0.24 0.03939627915462927
7 0.5305 0.48758635871471184 0.177 0.03402975587653907
9 0.7715 0.48698845569915206 0.109 0.04063414344939417
4 0.4645 0.5852023819471888 0.367 0.038135143540620677
10 0.496 0.5578856435862337 0.106 0.03361668995996115
6 0.588 0.5589208839288416 0.089 0.038517786853175036
1 0.661 0.5558455855050415 0.075 0.03543633723582161