0 0.17002169585930696 0.34945485698280626 0.32731998063960255 0.05880498948439072
3 0.5542889826668688 0.3139289195416693 0.3743257984694135 0.060351883997437655
9 0.9103391009477462 0.49855971852319436 0.14530834497998057 0.054687227753017285
7 0.5943041939688805 0.48888272562696355 0.25227925583092586 0.05093228547420938
2 0.5985627540317259 0.44743508786757447 0.25230834497998056 0.05593228547420927
4 0.4701361436318471 0.6304282189433279 0.4503490697886573 0.06523622406108825
10 0.5354092482692199 0.592190380445553 0.1362908914905479 0.05158250327179553
6 0.6574237928437473 0.5961099789687815 0.11927925583092587 0.04938469036282095
1 0.7624325195884637 0.5988317645830352 0.1102908914905479 0.05127996588159931
8 0.49280676952004376 0.40220748422658603 0.48234906978865727 0.06560857777209879
5 0.9048911280523027 0.4215015382558489 0.1614363372358216 0.0768734046085226