0 0.17498993980031494 0.343440418535972 0.33531998063960256 0.05889807791214332
3 0.5612197440778476 0.2994489018969053 0.3703199806396026 0.05930533978356129
9 0.9111812614565921 0.4738646471292566 0.14430252715016967 0.05367559169954825
7 0.5982103506056469 0.47250673186508013 0.25027343800111496 0.0499090133672712
2 0.6024546994577071 0.4304601876512038 0.2503025271501697 0.0549090133672712
4 0.47339003660230217 0.6149496024952467 0.4453374341290355 0.06317804379374274
10 0.5386169319649294 0.5751932590197562 0.1352908914905479 0.051570867218326384
6 0.6586052963053075 0.575796932603466 0.11827343800111498 0.04837305430935203
1 0.7625936606456857 0.5765867830426812 0.10929089149054766 0.05126832982813039
8 0.4982077750544836 0.3881761552387231 0.4773432519588464 0.06455039750475339
5 0.9061263254371301 0.39742864542333656 0.1594247015761998 0.07485013250158454