0 0.17445794173635468 0.3489462365627065 0.3343839767675231 0.06988644185867429
3 0.5596092053114395 0.31846635597710893 0.369389794597334 0.07129370373009226
9 0.901003817647358 0.5044810076639474 0.1443316162992244 0.05867559169954825
7 0.5905998118392388 0.4915940022660982 0.2503199806396026 0.0579090133672712
2 0.5963354339465825 0.45103000397201826 0.2503490697886573 0.0629090133672712
4 0.4618114958998543 0.6285834171101411 0.4444305194060107 0.0791664077402736
10 0.5275180288581433 0.5923212556079162 0.13630834497998057 0.054582503271795306
6 0.647480212964372 0.5974249291916258 0.11929670932035878 0.052384690362820945
1 0.7514511238153173 0.6012147796308411 0.10930834497998057 0.05426832982813039
8 0.4946117808626028 0.4047168814258649 0.4764363372358216 0.08053876145128425
5 0.8994459727129906 0.4285042797708857 0.1604596085550654 0.08086176855505346