0 0.16193460050923747 0.3878626306482276 0.32386920101847494 0.0657252612964553
3 0.5328462792107074 0.32336464233398876 0.3646981632081452 0.06635364363387122
9 0.8891765055378937 0.47311355557829066 0.14161671083386135 0.0554611641548787
7 0.5824205123615739 0.4897635781777919 0.24658180267345414 0.05429394597234159
2 0.5838975905538064 0.4487810332427201 0.2466516189942688 0.06029394597234159
4 0.47220419447488393 0.6353697036330803 0.43776797952895957 0.07362786337363104
10 0.5327045447740545 0.5934170075287735 0.1335934387269233 0.05332152363545288
6 0.6502976332018072 0.5874679776578389 0.11757016661998523 0.05104224259660146
1 0.7523849036028254 0.5817483942805173 0.10758180267345414 0.05186769194731915
8 0.47929321637175526 0.4129482514252574 0.46975634347549056 0.07318642545133412
5 0.8780317554678716 0.39940409479915207 0.15787270401018122 0.07774044519373023