0 0.15564677920024253 0.3716793524664814 0.3073490697886573 0.06535870493296284
3 0.5232191687091373 0.3046028163600655 0.3733548876184682 0.06751073921822513
9 0.8920802075211586 0.4590262802536496 0.14431998063960236 0.05751352934966326
7 0.5782111086919051 0.4760453898661892 0.2522967093203588 0.055398676361910815
2 0.5794667598398451 0.4340715724635816 0.2523316162992244 0.06139867636191081
4 0.46759541882317035 0.6260991501266929 0.448389794597334 0.07481986908784143
10 0.5283394343114884 0.5831639090873142 0.1373025271501697 0.054391343895165846
6 0.6497899827580952 0.5767846994760927 0.12029089149054789 0.052094607791386124
1 0.7537463490345131 0.5711000262286272 0.10930252715016968 0.053902602077175746
8 0.4702660447113672 0.3976689703864058 0.481389794597334 0.07539588623047268
5 0.8796409613704316 0.3833168194745109 0.1614421550656325 0.07881026545344298