0 0.49591944052206194 0.38284711686821504 0.29483784311655437 0.051420999719910924
0 0.1986514176652204 0.4233970270146315 0.23864583740234405 0.03976938072564212
8 0.45391577428868946 0.43987003867598257 0.35878547792176985 0.04916570714193233
5 0.767125235067828 0.4315121234118061 0.12782038805162618 0.04847777879057367
2 0.5556103106524456 0.45855691612982924 0.24173311272698517 0.044804288886049336
7 0.5241041137695274 0.4871961984722876 0.1796458374023441 0.03908285357096611
9 0.7672175716915608 0.48352375946527515 0.11073311272698493 0.04327996588159931
4 0.45787606234163375 0.5854456730235317 0.3707680228568415 0.048305339783561295
10 0.4893473490946957 0.5588063906810733 0.10662838233741581 0.03723342166772295
6 0.5823822592245521 0.5578885436536982 0.08968074753220048 0.04003560875874837
1 0.6554433519518009 0.5552379755569413 0.07564583740234411 0.037872704010181224