0 0.496 0.3858856435862339 0.298 0.045733713283664656
0 0.1935 0.42462575006841985 0.241 0.03540209698444028
8 0.452 0.4436296590745518 0.364 0.04111769005118777
5 0.771 0.4389855467842466 0.129 0.046750500045613305
2 0.5555 0.4642318044599857 0.245 0.03942536830368408
7 0.524 0.4925485428209406 0.182 0.03505884502559388
9 0.77 0.4919797289544356 0.111 0.041645779109016075
4 0.4555 0.5926500214788901 0.375 0.040181686179108285
10 0.488 0.5648391009477461 0.108 0.03462832561958339
6 0.583 0.564891794779787 0.091 0.038529422512796827
1 0.657 0.5633223141857977 0.077 0.0354479728954434