0 0.5149042462380484 0.38147000211849275 0.2986167108338614 0.05473371328366466
0 0.21161369520049206 0.3977042907708677 0.24150035029917064 0.044402096984440274
8 0.46853841115211364 0.4356965641173778 0.36260507478039244 0.054106054391565746
5 0.7852187699808845 0.4530379072525452 0.12959343872692353 0.05175050004561331
2 0.5693467665690445 0.46278125601337883 0.24454689451304693 0.04841955047387307
7 0.5366493039592406 0.48858926762961735 0.18146544213876337 0.041053027195782986
9 0.7813238447612768 0.5050117270183958 0.11251198635263972 0.04465159693882697
4 0.4632605470655382 0.5836558393087011 0.37458180267345426 0.05217586834929716
10 0.49746382770207653 0.558356554437179 0.1094421700318253 0.03863414344939406
6 0.5915336440228911 0.5649034304394088 0.09147707819223251 0.04152942251279683
1 0.6655685521832984 0.5683339498454195 0.0774421700318253 0.0384479728954434