0 0.17709007279438324 0.35451972623258166 0.33062834688733056 0.059760171426311785
3 0.5561246306556199 0.3211439233728402 0.36462834688733053 0.06035364363387123
9 0.9041783940929133 0.5036833758380035 0.14160507478039244 0.05446116415487882
7 0.5961202138255679 0.49330721584011245 0.24654689451304693 0.05129394597234159
2 0.6001373176066008 0.4518857636322895 0.24660507478039245 0.05629394597234159
4 0.4762259892043016 0.6291864254513341 0.438674891101207 0.06564531843855911
10 0.5387838191724763 0.5922860945418117 0.13357016661998522 0.05132152363545288
6 0.6578129093061491 0.5968632472682696 0.11654689451304694 0.04902478753167316
1 0.7598303633863527 0.6001436638909479 0.10757016661998522 0.050867691947319146
8 0.4971486033608993 0.40809661947714715 0.4706632550477379 0.0652038805162623
5 0.8983115081094666 0.42909610051336244 0.157837795849774 0.07474044519373024