0 0.1615 0.3845604204855307 0.323 0.060879159028938604
3 0.5305 0.3109136412852882 0.362 0.062106054391565864
9 0.8875 0.4523366760427771 0.14 0.05381449617353371
7 0.583 0.4761082052202131 0.245 0.051425368303684084
2 0.584 0.4351023873904021 0.245 0.05642536830368408
4 0.4745 0.6237394397547017 0.435 0.06753075596776557
10 0.5345 0.5803903699660443 0.132 0.051767953535046214
6 0.651 0.5712125927930681 0.116 0.048674868258070776
1 0.753 0.5636191741523505 0.106 0.05061668995996115
8 0.479 0.40221325952055237 0.466 0.06771110869190511
5 0.8755 0.3789064900005086 0.156 0.07490758145050905