0 0.16357296901335025 0.3948501325015844 0.3187679795289596 0.06970026500316885
3 0.5316595388160272 0.3206438362316767 0.36576797952895956 0.0702471595162159
9 0.8947653141947608 0.4628502695607508 0.14266325504773794 0.058652319592609956
7 0.5895853056651607 0.4867954552259454 0.24763998294079964 0.057874105206863875
2 0.5891082274729281 0.4457954552259455 0.24769816320814517 0.06287410520686398
4 0.48434234973899243 0.6365503975047534 0.43984943190324316 0.07810822747292809
10 0.5428129093061491 0.5917369246594294 0.13561671083386137 0.05457086721832639
6 0.6612081848249274 0.5841157969955159 0.1185934387269233 0.052373054309352025
1 0.7631034603437056 0.5763026744493625 0.10860507478039244 0.05325669377466102
8 0.481241691788652 0.4130445794780188 0.4718610679567123 0.07948058118393897
5 0.8819158822915176 0.3897106369191218 0.15990761217058866 0.07985013250158443