0 0.5036132078421551 0.37404454245603475 0.29644217003182516 0.03972207762404287
0 0.2012175820242062 0.4098015270589432 0.2403490816040726 0.03139627915462927
8 0.4579499527944173 0.43130634479752766 0.3613839897644798 0.03510023656175486
5 0.7749615888478864 0.4284620927474548 0.12751198635263972 0.04473886438599129
2 0.5597055956715665 0.45171292615681025 0.24339562581794894 0.03541373264406218
7 0.5283797861744322 0.4798932788809499 0.1803607176575415 0.032047209365971864
9 0.7733565140674938 0.4804679105772658 0.1104421700318253 0.03863996127920507
4 0.45722781688099273 0.5793005269677167 0.37336071765754164 0.033170050519486266
10 0.4905536263781271 0.5511085385839551 0.10737235371101064 0.03262250778977204
6 0.5845303542711889 0.5525616625817253 0.08941889792488701 0.03651778685317504
1 0.6585536263781271 0.5501311431757147 0.07539562581794894 0.03443633723582161