0 0.503216593157974 0.381 0.2952792558309259 0.048
0 0.20447548658456152 0.4255 0.23922107753281624 0.038
8 0.4615569362019149 0.4395 0.360267620171304 0.046
5 0.7759813044143725 0.4265 0.12727925583092564 0.048
2 0.5641529303937957 0.456 0.24224434885206028 0.042
7 0.5333216474583133 0.485 0.18021525970300536 0.037
9 0.7772896493943531 0.4795 0.11024434885206005 0.042
4 0.46840633935431436 0.5855 0.37125598451168207 0.044
10 0.5002405312047021 0.557 0.10720944187319435 0.036
6 0.5932288955450802 0.555 0.09022689536262715 0.039
1 0.6672085331407419 0.5515 0.07621525970300536 0.037