0 0.15846733520855544 0.3919279438548474 0.3169346704171109 0.0738558877096948
3 0.5282226529927532 0.30858344979980634 0.37143051940601074 0.07615841485986448
9 0.8979401548831796 0.44523895574476524 0.1463432519588464 0.059849403152399415
7 0.5862481664994181 0.4764267017586527 0.2513490697886573 0.061460275282549784
2 0.5859925153514782 0.43442379284374727 0.2523781589377122 0.06646609311236079
4 0.47934640287872005 0.6308100117986915 0.44647706204449833 0.0845947520956861
10 0.5401169319649295 0.5846619905022542 0.13733161629922438 0.057797042684100686
6 0.6591896548375664 0.5728543122497579 0.12030834497998058 0.05369813957731458
1 0.762753650965487 0.5624564576351918 0.11131998063960259 0.05564577910901607
8 0.4771641413309014 0.4042896493943531 0.4784828798743092 0.08578092264963663
5 0.8838706742891903 0.37115459721250643 0.16247124421468742 0.08194248842937475