0 0.15656754909205944 0.368355950528319 0.3131350981841189 0.064711901056638
3 0.5278856659760323 0.29920201649902206 0.37608221402554953 0.0663635200509068
9 0.8947848613017279 0.45250153825584893 0.14596002857105192 0.05668722775301728
7 0.5793921223408429 0.4713361814130872 0.25390766337626747 0.054943921527678415
2 0.5816339626002922 0.42885363549329086 0.2539949387009083 0.05994392152767841
4 0.4642389524717538 0.6220271253978152 0.4521694893501906 0.07224786011455717
10 0.5270157028610595 0.5782485607128985 0.13790766337626748 0.053594139325264675
6 0.6486553433804854 0.5716623412093923 0.12087275324641086 0.05139632641629009
1 0.7537862563674469 0.5653841268236461 0.11090766337626747 0.05327996588159931
8 0.47322743480785157 0.3935853056651606 0.4841869444151188 0.07362021382556781
5 0.8851027187038083 0.376873541667689 0.16334403999947267 0.07888504066199176