0 0.1845 0.3507204594792562 0.338 0.0678998119457376
3 0.572 0.32348429713894045 0.373 0.06751073921822513
9 0.9215 0.5150848423313525 0.144 0.05751352934966326
7 0.6075 0.4991039519438922 0.252 0.05539867636191093
2 0.613 0.4576999548009974 0.252 0.06139867636191081
4 0.4815 0.6364046137629369 0.448 0.07481986908784165
10 0.5465 0.6000391929832709 0.137 0.054391343895165846
6 0.6685 0.6066687109045135 0.12 0.052094607791386124
1 0.772 0.611975310124584 0.109 0.053902602077175746
8 0.509 0.41038462804846276 0.481 0.07539588623047257
5 0.9185 0.4390324771365679 0.161 0.07881026545344298