0 0.16534606597070312 0.3735 0.32257016661998517 0.049
3 0.5386711748694962 0.3155 0.36454689451304695 0.047
9 0.8949922172374078 0.472 0.14057016661998523 0.049
7 0.5871260318523025 0.4835 0.24648871424570143 0.042
2 0.5891373176066008 0.4415 0.24654689451304693 0.047
4 0.4743016235518506 0.6275 0.4385934387269233 0.051
10 0.5353245453596183 0.5865 0.133535258459578 0.046
6 0.6542780011457419 0.5825 0.11652362240610864 0.045
1 0.7572314569318656 0.5785 0.10654689451304694 0.047
8 0.48421841968171386 0.4055 0.47057016661998524 0.049
5 0.8851369673074303 0.3985 0.15681452374283594 0.07