0 0.17271225135580867 0.36396067500954077 0.32857016661998517 0.05281662553785975
3 0.5486886289496998 0.32334164914065117 0.36354689451304695 0.051223887409277725
9 0.8981434859325061 0.49538517772115803 0.14055853056651585 0.04962904748567189
7 0.5911493039592406 0.49231290930614907 0.24547707819223252 0.04385083309992569
2 0.5951722257670081 0.4513652715467599 0.24554689451304693 0.0498508330999257
4 0.4742783514449125 0.6309340369700626 0.4365934387269233 0.05607331931252111
10 0.5363245453596183 0.5926612903118803 0.132535258459578 0.04753595905791917
6 0.6543245453596183 0.5940343446212323 0.11652362240610864 0.04634978220241374
1 0.7563245453596181 0.5952212220750789 0.10654689451304694 0.04823342166772295
8 0.49120096560151016 0.4096609400127097 0.46857016661998513 0.054445673023531524
5 0.8902765999490593 0.42080372534687444 0.15581452374283594 0.07180358828770818