0 0.4997020485834466 0.37560562966904976 0.30331998063960247 0.056762802432719466
0 0.19231258734985476 0.3963946123359185 0.24425016668187108 0.044419550473873186
8 0.45202784705286014 0.43188488549997556 0.36830834497998055 0.05514096137043157
5 0.7736180234149299 0.4455144532157534 0.13130252715016968 0.052762135705235094
2 0.554679110627945 0.45728855794435264 0.2482792558309259 0.049442821793116876
7 0.5213391009477463 0.48498345524301967 0.18423853102224916 0.04207048068521579
9 0.7689263683949106 0.49854354236480825 0.11426180234149297 0.04566323259844898
4 0.4458976126095979 0.5814256103086523 0.3802967093203588 0.05321077532816298
10 0.4802463490345131 0.5552248951801744 0.11022107753281625 0.03863996127920518
6 0.5762812560133789 0.5606663835183227 0.09324434885206029 0.04254105817241884
1 0.6507987095028118 0.5632329551974065 0.07822689536262714 0.03945379072525452