0 0.4997950425016479 0.38192055056509955 0.2942501666818712 0.04471044196442085
0 0.20206814713902066 0.41918974619634036 0.23719198838376154 0.034378825665196476
8 0.4564663351173289 0.4381703838832285 0.35822689536262725 0.041082783072321945
5 0.7705041510111001 0.4334971824438685 0.12726180234149298 0.04573886438599129
2 0.5583528874360153 0.458263802523946 0.24122107753281624 0.03940209698444028
7 0.5266870792864031 0.4865805408849009 0.17919780621357245 0.035041391536160975
9 0.768698714946025 0.48598845569915206 0.11023271319243827 0.040639961279205064
4 0.4591169319649295 0.5841907462875668 0.36921525970300534 0.03914677920024246
10 0.49177110445491984 0.5578798257564228 0.10619780621357244 0.03461668995996115
6 0.5847740133698253 0.5579208839288416 0.08922107753281626 0.038517786853175036
1 0.6577885579443526 0.5558455855050415 0.07520362404338335 0.03543633723582161