0 0.5070724816550133 0.38347581994830365 0.2916167108338615 0.05469298847498794
0 0.2103688507193043 0.3992508334093554 0.23547707819223251 0.04236719000557446
8 0.45946158884788635 0.43570238194718874 0.3545818026734541 0.052059511753078144
5 0.7687812300191156 0.45300300027367946 0.12657016661998524 0.049733046556180396
2 0.5576532334309556 0.46277543818356787 0.23952362240610864 0.04639046132481826
7 0.5253506960407595 0.48858926762961735 0.1774538060852942 0.04002975587653918
9 0.7646819732654577 0.5044826378693411 0.10951198635263973 0.044634143449394176
4 0.45127436109486907 0.5806645660534175 0.3665701666199852 0.05112932571080955
10 0.4845710804583307 0.555356554437179 0.10541889792488701 0.036610872130150254
6 0.5765012641375162 0.561891794779787 0.08946544213876359 0.04051778685317504
1 0.6494721740038435 0.5648164963559866 0.07643053397835615 0.037442155065632504