0 0.5057863157569314 0.38936717298353457 0.2952792558309259 0.05314924415382415
0 0.20652742233034396 0.42864810856999747 0.23922107753281632 0.04217176051784395
8 0.46344597271299065 0.4471340602565494 0.36026762017130387 0.05228382337415837
5 0.778021604500533 0.43962367817647385 0.12727925583092586 0.05021679324588354
2 0.5648499785211099 0.4654057493467635 0.24224434885206006 0.04622412571262862
7 0.5346812614565921 0.493882097398917 0.18021525970300536 0.04014191168707919
9 0.7777132595205524 0.49262367817647384 0.11024434885206029 0.04392005714210381
4 0.4685965695605911 0.5932387906461186 0.37125598451168207 0.05047582908836876
10 0.4997594687952978 0.5657798976588935 0.10720944187319446 0.03786769194731937
6 0.5937740133698253 0.5649206737621459 0.09022689536262715 0.040570955843539654
1 0.6667943757741637 0.5626948935019057 0.07621525970300536 0.0383265849345446