0 0.506 0.3908322628536781 0.298 0.05420160934860883
0 0.202 0.40902592311549996 0.242 0.04222412571262862
8 0.46 0.44552932986698013 0.364 0.052353643633871114
5 0.778 0.4610800405141533 0.129 0.050251703375740135
2 0.5615 0.4728010189571942 0.245 0.04627649090741329
7 0.5285 0.499225001814563 0.182 0.040176821816935555
9 0.774 0.5140102202544404 0.111 0.04493751220703211
4 0.456 0.5944595096072672 0.376 0.0505631044130098
10 0.489 0.5690355267498984 0.108 0.03788514701224745
6 0.584 0.5751937579180791 0.091 0.04058841090846772
1 0.658 0.5779854327227671 0.077 0.0383440399994729