0 0.5150805594779381 0.3829169331890296 0.2988552981814828 0.05246754393378728
0 0.21149075350375113 0.40287957293442783 0.2426632924672723 0.04081592493951848
8 0.4700493155814541 0.43788167472945166 0.364802932986698 0.050235523462746866
5 0.7877238662307363 0.45157612170588607 0.12983784311655427 0.04950105089751196
2 0.5714769646721954 0.46355691612982924 0.24573311272698514 0.04485083309992569
7 0.5389482514252573 0.4901729263653494 0.1826458374023441 0.039117761731373324
9 0.7861315296070036 0.5035470315722134 0.11175056779191346 0.04429160193506845
4 0.4681326651908303 0.5858293124888407 0.37676802285684163 0.04837515610437595
10 0.5006788335026966 0.5602133022533206 0.10862838233741581 0.037256693774661016
6 0.5957573812948737 0.5658187273328835 0.09168074753220049 0.04005888086568666
1 0.6697835638922659 0.5681797952895958 0.07764583740234411 0.03789597611711952