0 0.5120281942831534 0.37105908703056206 0.29994257350612363 0.05573953111347566
0 0.2078423854518613 0.39083061620799797 0.24275056779191334 0.04440791481425117
8 0.46497949532174127 0.4258383428614879 0.36490766337626734 0.054117690051187765
5 0.7842587763605927 0.43998245515179313 0.13089020831133916 0.0517563178754242
2 0.5674420545423391 0.4517449242207705 0.2458203880516262 0.04842536830368408
7 0.5344046137629368 0.4784398215194375 0.1826982025971288 0.041058845025593885
9 0.7801577122043959 0.491511544300848 0.11278547792176982 0.04565159693882697
4 0.46106284493111743 0.5738761587552592 0.3768902083113392 0.0531875040089194
10 0.495126468307912 0.5486754436267811 0.1096632924672723 0.03863414344939429
6 0.5897311986974814 0.5541256587096459 0.09271565766205686 0.04153524034260795
1 0.6637748363598018 0.5561951393036352 0.07866329246727219 0.03845379072525452