0 0.5098053397835614 0.36117646467878606 0.29975634347549057 0.07021906441353712
0 0.21202095707191004 0.42788680155985903 0.24359343872692335 0.05524158077755692
8 0.47200932101844095 0.4223484846785224 0.3647563434754906 0.07135364363387112
5 0.788177693494572 0.38832395662874153 0.13163998294079965 0.05728661350559651
2 0.5766605897135391 0.4335244303935236 0.24663998294079967 0.05929394597234159
7 0.5465213073710806 0.46505680987383424 0.18354689451304693 0.050194276881863745
9 0.7922944043284336 0.4412628639014928 0.11355853056651609 0.049972422336888596
4 0.48773727495860003 0.5706041137695274 0.37674470742202143 0.0705631044130098
10 0.5178881933545275 0.5400717342892167 0.10947707819223251 0.04290260207717574
6 0.6113067409802438 0.5314396857184284 0.09351198635263973 0.04562332103832432
1 0.6857194705792258 0.5226392833812761 0.0794654421387636 0.04137895012932904