0 0.1765 0.3379462365627065 0.33 0.07483989764479793
3 0.558 0.3140070821642507 0.367 0.07827043162315409
9 0.896 0.5050740960917002 0.144 0.060675591699548136
7 0.587 0.4866696366136473 0.248 0.06188574126033291
2 0.5945 0.44608236621262914 0.249 0.06689737731380205
4 0.458 0.6216706875111593 0.441 0.08613149957986616
10 0.523 0.5854143440356687 0.135 0.05657086721832638
6 0.643 0.5925180176193785 0.119 0.054384690362820946
1 0.7455 0.5983253221387973 0.11 0.05627996588159931
8 0.493 0.39926342563974127 0.473 0.08850385329087704
5 0.8945 0.4295915501719038 0.161 0.0818734046085226