0 0.16598412197050397 0.3455226045917595 0.3183781589377121 0.06685006987988379
3 0.5426353855455889 0.3173321916679348 0.369389794597334 0.06914677920024247
9 0.8850329067964128 0.5048337671278716 0.1443316162992246 0.05783776749277763
7 0.5736289009882934 0.49014602111398425 0.2503199806396026 0.05645445745273878
2 0.5808674320105428 0.44910529630530754 0.2503490697886573 0.06145445745273878
4 0.44534349396381456 0.625887794414881 0.4444305194060107 0.0765831164360643
10 0.5110500269221034 0.5900067265622636 0.13630834497998057 0.0537912248542898
6 0.6310122110283324 0.5958085869849489 0.11929670932035878 0.05169232174750368
1 0.734980212964372 0.6007035326846094 0.10930834497998057 0.05363414344939429
8 0.4781408700116576 0.40270453277583595 0.4764363372358216 0.07776928699001473
5 0.8829779707769508 0.428348311702399 0.1604596085550654 0.07993085276975284