0 0.5044100642647831 0.379 0.2925585305665161 0.048
0 0.20891623259068826 0.4225 0.23743053397835615 0.037
8 0.46407913733925543 0.4365 0.3565119863526397 0.044
5 0.7744395046976265 0.4245 0.12654689451304693 0.047
2 0.5647711322214953 0.453 0.24048871424570165 0.042
7 0.5351085777720987 0.482 0.178418897924887 0.036
9 0.7760329434245498 0.4755 0.10948871424570143 0.042
4 0.4717663650922727 0.5815 0.36850035029917055 0.043
10 0.5024347375684038 0.553 0.10640726187141797 0.035
6 0.5944114654614657 0.551 0.08945380608529421 0.039
1 0.6673707392743238 0.5475 0.07543053397835592 0.037