0 0.15846950866964474 0.3731984620790211 0.3169390173392895 0.05960307584195789
3 0.5288811873711147 0.3017051779257241 0.36462834688733053 0.060353643633871114
9 0.8846299613240174 0.44596499221388636 0.14160507478039244 0.05446116415487859
7 0.5769379664417775 0.46783242467931324 0.24654689451304693 0.05129394597234159
2 0.57991504463401 0.42678878701699274 0.24660507478039245 0.05629394597234159
4 0.46323910263529117 0.6157873919512736 0.4386748911012069 0.06564531843855935
10 0.5252278168809927 0.5727139054581882 0.13357016661998522 0.05132152363545288
6 0.6437976332018073 0.5646454802641945 0.11654689451304694 0.04902478753167316
1 0.7458558134691528 0.5578650636415162 0.10757016661998522 0.050867691947319375
8 0.4738281245321625 0.3931477514318479 0.4706632550477377 0.0652038805162623
5 0.8759910292807297 0.3721308153307044 0.157837795849774 0.07474044519373012