0 0.17293176150220538 0.35651812021691714 0.3243083449799806 0.0548849768587495
3 0.5456528390350217 0.32068526182149804 0.3583083449799806 0.05508278307232206
9 0.8846463544777264 0.49566332395722285 0.13929670932035879 0.05180867834372282
7 0.5816783525416866 0.4884005215245034 0.24226180234149297 0.04640791481425117
2 0.5874110657341248 0.44843251958846364 0.2422908914905479 0.05140791481425117
4 0.46138712768739676 0.6237052908620943 0.4313316162992244 0.05950748464852177
10 0.5246023873904021 0.5870718141401844 0.13127925583092587 0.0487621357052351
6 0.6415907517307801 0.5897525002280662 0.11426762017130386 0.046663232598448984
1 0.7415820249860637 0.5918342832091618 0.10528507366073678 0.04961087213015026
8 0.48615250567127954 0.40634200986265173 0.46233161629922437 0.059687837372661305
5 0.879571056053926 0.42263132589326263 0.1544130659165778 0.07189594579088714