0 0.5148809741311104 0.3705597947040322 0.29567489110120687 0.06143263577338007
0 0.21453224282620847 0.3870564287714922 0.2385236224061088 0.04776938072564212
8 0.4679918669382373 0.42361250724381383 0.35867489110120687 0.06216570714193233
5 0.7812362240610881 0.4409704225079903 0.12960507478039243 0.05350105089751196
2 0.5673176764353717 0.45046053795037444 0.2425934387269233 0.053815924939518485
7 0.535120213825568 0.4768387096881197 0.18050035029917058 0.045094489624435255
9 0.7763412988414805 0.4930344208020703 0.11153525845957801 0.047291601935068456
4 0.46019073074472366 0.5697230497517701 0.37066325504773784 0.06130533978356129
10 0.4938998294079966 0.5443274239338213 0.10745380608529433 0.0402450577211921
6 0.5875045538892184 0.5522394529344617 0.09048871424570143 0.04304724481221774
1 0.6605394620496257 0.5543900210312186 0.07645380608529422 0.039884340063650596