0 0.5031306619223587 0.38140529713556043 0.2985701666199851 0.05246754393378728
0 0.20111285754298444 0.42239702701463144 0.2424421700318252 0.04081592493951848
8 0.45944995279441725 0.43940494683638986 0.3645352584595779 0.050235523462746866
5 0.7785895854360463 0.43111684789302784 0.1295585305665161 0.04950105089751196
2 0.5632463218587083 0.4581150963971746 0.24548871424570165 0.04485083309992569
7 0.5319088763081048 0.486754378739633 0.18243053397835615 0.039117761731373435
9 0.7779845106556538 0.48311684789302783 0.11150035029917081 0.04429160193506845
4 0.4642278168809927 0.587480581183939 0.3765119863526397 0.04837515610437595
10 0.4965536263781271 0.5598529348949496 0.108418897924887 0.037256693774661016
6 0.5915827165117998 0.5584583599745127 0.09145380608529421 0.04005888086568666
1 0.6656234426989416 0.555819427931225 0.07743053397835616 0.03789597611711952