0 0.4957746800973096 0.39119262233425234 0.2983723411079011 0.06920160934860883
0 0.19741688356393583 0.44749101298564353 0.24229670932035874 0.05522412571262862
8 0.4554197924788413 0.4514944197371236 0.36337234110790123 0.07033618856894304
5 0.7710856006284535 0.4285014927219763 0.1303199806396026 0.057269158440668204
2 0.5588499785211098 0.46530101895719417 0.2453199806396026 0.05927649090741329
7 0.5301667168820647 0.49630354960674 0.18227343800111498 0.05017682181693556
9 0.7742801645633783 0.4810625854492251 0.11327343800111475 0.0489724223368886
4 0.4685616625817254 0.5992387906461186 0.3743665232780902 0.06952819428315342
10 0.499236197476054 0.5697711701264293 0.10923853102224916 0.04290260207717574
6 0.5927769222847308 0.5644032186972177 0.09225598451168207 0.04560586597339602
1 0.6663205560083129 0.5581861659694416 0.07823271319243827 0.04136149506440097