0 0.166 0.37896575974861857 0.332 0.0619315194972371
3 0.542 0.3096532637575378 0.367 0.06313514354062068
9 0.904 0.4572593181491036 0.142 0.054826131833155614
7 0.596 0.47746742656732943 0.248 0.05244282179311699
2 0.5965 0.43547033548223485 0.248 0.057442821793116994
4 0.4855 0.6258245563732189 0.441 0.06856566294663116
10 0.546 0.5826765350767816 0.134 0.051779589194668005
6 0.665 0.5753688568242853 0.118 0.04968650391769279
1 0.7675 0.5684651843799082 0.108 0.051628325619583165
8 0.4895 0.4013478276924626 0.473 0.06975183350058183
5 0.892 0.38268950419137215 0.159 0.07592503493994195