0 0.16445282584525314 0.35248394711647896 0.3289056516905063 0.06381662553785974
3 0.5449405618203628 0.3249056474347311 0.36604730389569295 0.0642471595162159
9 0.8837811950683554 0.509885177721158 0.1419425735061236 0.05564068353914092
7 0.5769557457176374 0.496312909306149 0.24789020831133918 0.05387410520686387
2 0.5831888584446226 0.4543769076002291 0.2479774836359802 0.05887410520686399
4 0.450590584419864 0.6303700386759826 0.4401520342852624 0.07110822747292832
10 0.5152276942897439 0.5946147460980039 0.13489020831133916 0.052559231164857466
6 0.6341578740300311 0.5999994364608251 0.1178552981814828 0.05036141825588288
1 0.7360967813027823 0.6046863139146716 0.10787275324641087 0.051245057721192096
8 0.4809481537690001 0.40967839409291334 0.4721345792203342 0.07048058118393885
5 0.8820728698730433 0.4358502695607508 0.1593091298696163 0.0768384964481154