0 0.16222822881759588 0.383 0.3203490697886573 0.06
3 0.5328035272413962 0.31 0.3693548876184682 0.061
9 0.898161657138512 0.4575 0.14331416280979148 0.054
7 0.5867838315645421 0.4785 0.2502967093203588 0.051
2 0.5885453005422929 0.4375 0.2503257984694135 0.056
4 0.4771565060361854 0.6285 0.4443839767675231 0.066
10 0.5379063393543143 0.5855 0.13529670932035878 0.051
6 0.6573568878009212 0.577 0.118285073660737 0.049
1 0.7613132540773391 0.5695 0.10829670932035879 0.051
8 0.48034458541381503 0.403 0.476389794597334 0.067
5 0.885722410987785 0.382 0.1594421550656325 0.076