0 0.15051387784704306 0.37076286210056636 0.30102775569408613 0.06352572420113267
3 0.5167779223759572 0.30203329372372034 0.3733548876184682 0.0653402479439685
9 0.8829197924788413 0.45380372534687446 0.14431998063960236 0.05667559169954825
7 0.5687888913080947 0.4726500045575818 0.2522967093203588 0.053932285474209266
2 0.5705332401601549 0.43066745863778555 0.2523316162992244 0.059932285474209264
4 0.45640458117682964 0.6233525845957789 0.448389794597334 0.07221295195414995
10 0.5186605656885116 0.5800740199108623 0.1373025271501697 0.053594139325264675
6 0.6392100172419047 0.5729761643538868 0.12029089149054789 0.05139632641629032
1 0.7442536509654869 0.5666979499681408 0.10930252715016968 0.053268329828130394
8 0.46173395528863287 0.3948991288096553 0.481389794597334 0.07259694171862975
5 0.871356129714663 0.3786640927052455 0.1614421550656325 0.0778734046085226