0 0.1629140660078043 0.3308734046085226 0.3023781589377121 0.06851408814766365
3 0.5367511667730975 0.30722528860596027 0.37740143025695577 0.07338679215784487
9 0.8883798257564228 0.5053037253468744 0.1473374341290355 0.05971049985995546
7 0.5702838315645422 0.48510346034370555 0.25533161629922463 0.05996719363461659
2 0.5770365737975764 0.44268491271798915 0.2553607054482791 0.06496719363461659
4 0.4410896009933595 0.6220907733927244 0.4534363372358216 0.08027113222149547
10 0.5078714323754486 0.5853703889751533 0.1393141628097916 0.055617411432202744
6 0.6309092482692198 0.5933016235518507 0.12230252715016968 0.05341959852322839
1 0.7354412463331801 0.60001759113937 0.11131416280979146 0.055291601935068456
8 0.47176022688155617 0.39396312710373527 0.4864479728954436 0.08265512198597515
5 0.8849289439460738 0.42776881718646725 0.16446542638487655 0.08190831276892982