0 0.5146700505194862 0.36703652259709413 0.30131998063960236 0.058502452094194496
0 0.21196675983984506 0.42156224679822674 0.24325016668187108 0.045827560992987626
8 0.4730220292230491 0.42802523684279564 0.3653025271501697 0.0562471595162159
5 0.792417308286452 0.40630751775942314 0.13029670932035878 0.05251268695098111
2 0.577112205585119 0.44231508728201085 0.24627343800111476 0.04986246915339484
7 0.5467838315645421 0.4721699869128179 0.18323271319243828 0.04212939778484247
9 0.7932198354366217 0.4583016997326886 0.11326180234149297 0.04631487404200652
4 0.482885976949976 0.5764205123615739 0.3772967093203588 0.055386792157844866
10 0.5142143509705528 0.5465539766772978 0.11022107753281625 0.03927996588159931
6 0.608691079651309 0.5414543696244692 0.09224434885206005 0.04307051691915581
1 0.6826619905022542 0.535593301667757 0.07822107753281625 0.03890761217058843