0 0.503216593157974 0.38682966278801145 0.29322107753281623 0.041409363666441774
0 0.20441439937154646 0.4173504828007551 0.2371687170645177 0.03175774467217309
8 0.45954239162738747 0.44231767643537173 0.35719198838376154 0.037154071088463296
5 0.7735365737975765 0.44497139722466433 0.12625016668187117 0.044466142737104745
2 0.5606645660534176 0.46449291783574925 0.24019780621357245 0.036792652832580416
7 0.5298274652881244 0.4921322001782076 0.17818035272413954 0.03307121751749707
9 0.7718391009477461 0.4969481251177261 0.10922107753281625 0.039268329828130166
4 0.46139761260959794 0.5893293124888408 0.3691803527241396 0.03529370373009215
10 0.4932405312047021 0.5627016661998514 0.10518617055395055 0.033221785614253804
6 0.587246349034513 0.5647954552259455 0.08820944187319446 0.03702397270527945
1 0.6602405312047022 0.5646448871291887 0.07419780621357244 0.0348610679567123