0 0.5068751561043758 0.376 0.29962834688733053 0.054
0 0.20158460506681936 0.394 0.24250035029917064 0.043
8 0.45950932101844094 0.4305 0.36460507478039245 0.052
5 0.7781896798472118 0.446 0.1305934387269233 0.051
2 0.5618176764353717 0.457 0.24554689451304693 0.047
7 0.5286202138255679 0.483 0.18246544213876337 0.04
9 0.7742947546276041 0.498 0.11252362240610864 0.045
4 0.4547314569318655 0.5785 0.3765934387269233 0.051
10 0.48843473756840383 0.553 0.10944217003182519 0.038
6 0.5825045538892183 0.559 0.09247707819223251 0.041
1 0.6575394620496257 0.562 0.0784421700318253 0.038