0 0.5026364799490932 0.3779496397141544 0.2955003502991707 0.044716259794231744
0 0.20181067045195888 0.40420138185596227 0.23839562581794888 0.03538464349500737
8 0.4569906789815591 0.43318783737266137 0.3604538060852942 0.04109441873194396
5 0.7719383167409483 0.4395204537631123 0.12753525845957803 0.04673886438599129
2 0.5587288677785046 0.4562812560133788 0.2424421700318253 0.03940791481425117
7 0.5259088763081048 0.48359217654452274 0.18039562581794893 0.03504720936597198
9 0.7698332419605558 0.49151172701839585 0.1104654421387636 0.04063996127920518
4 0.4537801791216036 0.5801791106279449 0.3704305339783561 0.03915259703005358
10 0.4875885345385343 0.553874007926612 0.10739562581794894 0.03462250778977227
6 0.5805594444048615 0.5569150660990309 0.0904421700318253 0.038523604682985935
1 0.6545536263781271 0.5578455855050415 0.07640726187141786 0.0354421550656325