0 0.5090841177084824 0.37352488654362503 0.2987447074220213 0.06746754393378729
0 0.20499102928072968 0.38506224679822676 0.24259343872692335 0.053815924939518485
8 0.45946740687462084 0.4270950531636101 0.3637447074220214 0.06822388740927772
5 0.7751532334309557 0.4504180602673794 0.13063998294079965 0.056512686950980995
2 0.5591183252705483 0.45593144781670175 0.24563998294079967 0.0578508330999257
7 0.5243274239338213 0.48133289166138515 0.18254689451304693 0.04911776173137344
9 0.7680539766772977 0.5019936946149285 0.11354689451304693 0.048314874042006524
4 0.44625108898793087 0.5747288677785046 0.3747330713685524 0.06735188399743765
10 0.4805303542711889 0.5503332419605558 0.10947707819223251 0.04226832982813039
6 0.5749198117632326 0.5587336349077273 0.09251198635263973 0.045070516919155805
1 0.6488558134691527 0.563372566951015 0.07846544213876336 0.040907612170588435