0 0.5084217003182522 0.38 0.2974538060852942 0.039
0 0.20581732613620105 0.414 0.24134908160407254 0.03
8 0.46508495536599004 0.437 0.3633839897644798 0.033
5 0.7830733193125209 0.436 0.12851198635263972 0.044
2 0.5673293124888408 0.458 0.24439562581794894 0.034
7 0.5356667580394442 0.487 0.1813607176575415 0.031
9 0.7826900301463825 0.489 0.11045380608529422 0.039
4 0.4678070912794145 0.585 0.37536071765754175 0.031
10 0.4994929178357493 0.558 0.10737235371101064 0.032
6 0.5945045538892183 0.559 0.09041889792488701 0.036
1 0.6684929178357493 0.558 0.07639562581794894 0.034