0 0.5038932579246697 0.3785 0.29483784311655437 0.048
0 0.20398306389885654 0.402 0.238645837402344 0.037
8 0.45795068441854586 0.4325 0.35878547792176985 0.045
5 0.7702761337692636 0.4425 0.12782038805162618 0.047
2 0.5575143077953404 0.4575 0.24173311272698517 0.042
7 0.5240517485747427 0.484 0.1796458374023441 0.037
9 0.7668684703929964 0.4945 0.11073311272698516 0.042
4 0.4509022449390261 0.5785 0.3707680228568415 0.044
10 0.4843298940297675 0.554 0.10662838233741581 0.036
6 0.5772600737700545 0.558 0.08968074753220048 0.039
1 0.6502338911726622 0.5595 0.07564583740234411 0.037