0 0.5164566084786594 0.3889576593761714 0.2955003502991706 0.04643263577337996
0 0.21629405402926286 0.41446102530871143 0.23839562581794888 0.03676938072564212
8 0.47211404549966274 0.44493403697006256 0.3604538060852943 0.04318897924887051
5 0.7871664077402736 0.45309939381282427 0.12753525845957803 0.04747777879057367
2 0.5728758567027171 0.46860346034370554 0.2424421700318253 0.04081592493951848
7 0.5406958481731169 0.49572528860596027 0.18039562581794893 0.036094489624435254
9 0.7847714825206661 0.5050644856524169 0.1104654421387636 0.04127996588159931
4 0.4723129093061491 0.5909165828898589 0.3704305339783561 0.041305339783561296
10 0.5045161899426874 0.5657947546276041 0.10739562581794883 0.035245057721192095
6 0.5975452800763601 0.5693769076002291 0.0904421700318253 0.03904724481221774
1 0.6715510981030948 0.5707379755569414 0.07640726187141808 0.0358843400636506