0 0.4972573179666506 0.39087982575642294 0.30122689536262726 0.040751166773097564
0 0.19045512418022315 0.4230937520044596 0.24317453489432864 0.03141373264406207
8 0.4515889342658752 0.447612205585119 0.36719780621357245 0.036135143540620675
5 0.7735831164360641 0.44848554678424657 0.12926180234149295 0.045750500045613304
2 0.5557169265217162 0.4702172598854583 0.24720362404338356 0.036437003963305986
7 0.5238798257564229 0.49803108933150775 0.18318035272413954 0.032064662855404893
9 0.7728972792458557 0.5024797289544356 0.11222689536262714 0.03965159693882697
4 0.4544616087375184 0.5976238412447409 0.3791803527241395 0.03320495749835209
10 0.48730452733262264 0.5708158296285023 0.10818617055395055 0.03262832561958316
6 0.5823103451624336 0.5723685234605432 0.09121525970300536 0.037529422512796826
1 0.6573045273326227 0.5718048606963648 0.07620362404338357 0.0354421550656325