0 0.5130550275748096 0.37898927307283065 0.3047563434754907 0.06676862026253047
0 0.20296193914705696 0.3887928003142268 0.2475934387269233 0.052437003963305986
8 0.4614266806874791 0.43328598239318933 0.37076797952895957 0.06815259703005347
5 0.7841125072438138 0.4584068233642507 0.13365161899426858 0.05677377136485711
2 0.5635659630299374 0.4636896548375664 0.2506516189942686 0.05745445745273878
7 0.5282750616932104 0.48889327888094986 0.18655853056651608 0.04908211634483769
9 0.7765016144366869 0.5109475481729274 0.11557016661998523 0.04966905042825988
4 0.4476754546403819 0.5838557963509209 0.3817563434754904 0.06721659315797388
10 0.48396635597710896 0.5586463544777264 0.11148871424570166 0.042645779109016076
6 0.5793558134691528 0.5675907517307801 0.09452362240610865 0.045546876002229966
1 0.6542918151750727 0.5726544144949585 0.08048871424570143 0.042465426384876534