0 0.5000980145428662 0.3693859254579246 0.3041345792203341 0.07028888467324987
0 0.1991540459710234 0.43515735506624637 0.24589020831133912 0.05527649090741329
8 0.4611802285684158 0.4320841280550533 0.3701520342852624 0.07244091895851228
5 0.7811565766205693 0.3964897797455596 0.13297748363598022 0.05830406857052469
2 0.5668809618150903 0.4417426187051263 0.2499774836359802 0.06034631116712626
7 0.5379395238927932 0.4742575431205088 0.1858203880516262 0.05022918701172023
9 0.7860904225942288 0.4499199594858467 0.1158552981814828 0.05100733246674508
4 0.47778103324272014 0.5808397571460582 0.38111712415540594 0.07063292467272277
10 0.5077486537624095 0.5498073776657477 0.11071565766205685 0.04292005714210381
6 0.6036177407754478 0.5406316914326387 0.0947854779217696 0.046640776103252395
1 0.6779868277884863 0.5318312890954865 0.07971565766205685 0.04237895012932904