0 0.5106888421897041 0.373496182352642 0.30163998294079963 0.056751166773097564
0 0.2039793932272606 0.3897130175155842 0.24350035029917064 0.044413732644062065
8 0.46205467727563904 0.4277169265217161 0.36560507478039245 0.05412350788099866
5 0.7813685004201336 0.4455757231463164 0.13059343872692353 0.0517563178754242
2 0.5632346858052393 0.4558074362475281 0.24654689451304693 0.04843118613349497
7 0.5294263303883084 0.48211253894886114 0.18346544213876337 0.04106466285540478
9 0.7757576076130067 0.4980466339972616 0.11352362240610887 0.04565741476863798
4 0.4533209053087454 0.5766762017130396 0.3775934387269233 0.053193321838730295
10 0.4881118066454725 0.5518769168415174 0.1104421700318253 0.03863996127920518
6 0.5830478083513926 0.5579296106735582 0.09248871424570143 0.04253524034260795
1 0.6565129001909853 0.5613572211646635 0.0784421700318253 0.03845379072525452