0 0.4960765361064159 0.368 0.3007680228568415 0.044
0 0.19239578857421544 0.407 0.24259347220755945 0.034
8 0.45207286987304335 0.4255 0.3656807475322005 0.039
5 0.7721863277950768 0.419 0.12980293298669812 0.046
2 0.5552324961069433 0.445 0.2466632924672722 0.038
7 0.5232175716915608 0.4745 0.18359347220755945 0.034
9 0.7702612093538812 0.472 0.11271565766205685 0.041
4 0.453472065198739 0.5745 0.3766632924672723 0.038
10 0.48645207948426494 0.547 0.10959347220755933 0.034
6 0.5814608070167291 0.5465 0.09168074753220049 0.039
1 0.6555044446790496 0.544 0.07761092727248751 0.035