0 0.5122979514165533 0.369519369094432 0.2953374341290355 0.06314924415382416
0 0.2127194107141055 0.38824716104043316 0.23826180234149297 0.04915430545291588
8 0.4649896064365728 0.42333975714605826 0.3583374341290353 0.06424891324430189
5 0.7773674320105427 0.4388850493559903 0.12930252715016968 0.05425170337574013
2 0.5643267072018661 0.4496029781857006 0.2422967093203588 0.05522412571262862
7 0.530175443626781 0.47619645039326003 0.1802501666818712 0.046141911687079186
9 0.7725678137752784 0.4904635971481673 0.11126762017130386 0.047937512207032115
4 0.4551402032841733 0.5694968527304123 0.3703316162992245 0.06345837402344046
10 0.4887798311996362 0.5449121080553171 0.10722689536262738 0.040867691947319144
6 0.581736197476054 0.5507887870169927 0.09024434885206006 0.04357095584353965
1 0.6547129261568102 0.5535145672772328 0.07622689536262715 0.04032658493454437