0 0.14947315303836636 0.38374877395290274 0.2989463060767327 0.06850245209419449
3 0.5137226529927532 0.2995016144366868 0.37540143025695577 0.0733635200509068
9 0.884893612244692 0.43767300254618735 0.1463374341290355 0.05969886380648631
7 0.5697307130099852 0.469338359388949 0.2533257984694135 0.05894392152767841
2 0.5699808796918563 0.42633835938894904 0.2533548876184682 0.06394392152767842
4 0.4593347672190981 0.6246125072438138 0.4514363372358216 0.08024786011455717
10 0.5205994784754967 0.5784027079821997 0.13831416280979147 0.055605775378733596
6 0.6421605656885117 0.5664889274857059 0.12130252715016968 0.05340796246975924
1 0.7467158350717157 0.5557729598981865 0.11130834497998057 0.054291601935068455
8 0.46066414133090144 0.3961125072438138 0.4834421550656325 0.08162021382556793
5 0.8718328583954191 0.36233008926802 0.16346542638487654 0.08189667671546079