0 0.4998124959910808 0.376 0.29422107753281623 0.038
0 0.19961468977750832 0.41 0.23817453489432863 0.03
8 0.4554866975216672 0.432 0.35919198838376154 0.033
5 0.7704925153514782 0.431 0.12625598451168207 0.044
2 0.5573645230956372 0.453 0.24119780621357245 0.034
7 0.5252016238609306 0.481 0.17918035272413954 0.031
9 0.7691899882013086 0.483 0.10922107753281625 0.038
4 0.45563147653945685 0.579 0.3701803527241396 0.031
10 0.48778855794435266 0.552 0.10618617055395066 0.032
6 0.5817827401145417 0.553 0.08920944187319446 0.036
1 0.6557885579443526 0.552 0.07519780621357244 0.034