0 0.16719332183873015 0.378919948822399 0.33034906978865736 0.06383989764479793
3 0.5427715291774359 0.3107951049267748 0.3693548876184682 0.06529370373009226
9 0.9076209323298353 0.46103062838952164 0.14331416280979148 0.0556639556460791
7 0.5972518335005819 0.47991763378737085 0.2502967093203588 0.0539090133672712
2 0.5980074846485217 0.43792926984083985 0.2503257984694135 0.0589090133672712
4 0.4881245079722252 0.6286376679057716 0.4443839767675231 0.0711664077402736
10 0.5473743412903541 0.5863300130871821 0.13529670932035878 0.052570867218326385
6 0.668324889736961 0.5792379755569413 0.118285073660737 0.05037305430935203
1 0.7707812560133789 0.5729306710375224 0.10829670932035879 0.052256693774661016
8 0.4908125873498548 0.4031842121196479 0.476389794597334 0.07253876145128424
5 0.8951904129238246 0.3868909957478926 0.1594421550656325 0.07785013250158454