0 0.15940172597524138 0.3835546026557197 0.31880345195048276 0.060890794688560505
3 0.5270365646774678 0.3099020056256663 0.36304730389569295 0.062106054391565864
9 0.8805317628602687 0.4513308582129662 0.14092511844119554 0.05381449617353371
7 0.5756652064967761 0.4741023873904021 0.24587275324641086 0.051425368303684084
2 0.5773808641588329 0.4330965695605911 0.24596002857105215 0.05642536830368408
4 0.4645993119523281 0.6217336219248907 0.4361345792203342 0.06753075596776557
10 0.5253324246793133 0.5793845521362334 0.13289020831133916 0.051767953535046214
6 0.6429807927312031 0.5702009571334461 0.1168378431165545 0.048674868258071
1 0.7441029781857006 0.5626133563225396 0.10687275324641086 0.05061668995996115
8 0.4729481537690001 0.40120744169074146 0.4671345792203342 0.06771110869190511
5 0.8698147101324926 0.37790067217069767 0.15729167480468823 0.07490758145050905