0 0.16157714216423374 0.35511118675438 0.3231542843284675 0.06063798597181426
3 0.5448055530235656 0.3079258968868727 0.3746516189942688 0.06252819428315343
9 0.8977052453723959 0.4822293488373554 0.14561671083386135 0.05553098441459156
7 0.5817634256397413 0.48274514935467217 0.25255853056651606 0.05239867636191082
2 0.5867637759389119 0.4396666015624952 0.25261671083386134 0.057398676361910816
4 0.45511110604713123 0.6269270324706993 0.45069816320814515 0.0678547792176978
10 0.5205649121324255 0.5867924532503652 0.13658180267345416 0.052373888830237775
6 0.6425358219987528 0.5871629353291227 0.11955853056651608 0.050077152726457824
1 0.7475183679185492 0.5868301535116598 0.11058180267345415 0.05192005714210381
8 0.48125830821134796 0.3990168384448863 0.4826981632081452 0.06841334129540087
5 0.8930895854360462 0.4063253516944606 0.16187270401018122 0.07781026545344298