0 0.5080724816550133 0.3864634774029059 0.2956167108338615 0.05643263577337996
0 0.2083572146658352 0.40147847938891507 0.23847707819223252 0.04376938072564212
8 0.46144995279441725 0.439428218943328 0.35860507478039233 0.05616570714193222
5 0.7737695939656465 0.4585644856524169 0.12858180267345415 0.05148941484404281
2 0.5606415973774865 0.4670860062635019 0.24154689451304695 0.04980428888604933
7 0.5268390599872903 0.4926961984722876 0.17946544213876336 0.04208285357096611
9 0.769664519185254 0.5105237594652752 0.11151198635263973 0.045291601935068454
4 0.45273945293446183 0.5863467665690444 0.37058180267345414 0.05430533978356152
10 0.4865361722979235 0.5612365743602588 0.10743053397835615 0.0382450577211921
6 0.5794663559771089 0.5683187273328836 0.09047707819223251 0.04204724481221774
1 0.6524314478167016 0.5721681592361267 0.0764421700318253 0.038884340063650595