0 0.16099496990015746 0.36511495933800825 0.32198993980031493 0.046770081323983505
3 0.538167383609549 0.3087165311266943 0.3652443488520603 0.0462471595162159
9 0.8902132595205523 0.4686090042521074 0.14027343800111475 0.04862904748567189
7 0.5811783525416867 0.47820454477405455 0.24622107753281625 0.040862469153394844
2 0.5844227013937469 0.43616963661364727 0.2462501666818712 0.04586246915339484
4 0.46234640287872003 0.6225775990834065 0.43925016668187117 0.048108227472928096
10 0.5255791160711583 0.5818445277148542 0.13225598451168208 0.04553595905791917
6 0.6445907517307801 0.5784598373520332 0.11625016668187117 0.044349782202413736
1 0.7476023873904021 0.5752613238447175 0.10626762017130387 0.04723342166772318
8 0.47964959675637403 0.3983914222279012 0.4712443488520602 0.04748058118393897
5 0.8836495967563741 0.39369045662639096 0.15638979459733401 0.06881522434117722