0 0.495 0.3721201742435771 0.301 0.040751166773097564
0 0.188 0.4079062479955404 0.243 0.03141373264406207
8 0.449 0.429387794414881 0.367 0.036135143540620675
5 0.771 0.42651445321575343 0.129 0.045750500045613304
2 0.553 0.45078274011454167 0.247 0.036437003963305986
7 0.521 0.4789689106684923 0.183 0.032064662855404776
9 0.77 0.47952027104556444 0.112 0.03965159693882697
4 0.451 0.579376158755259 0.379 0.03320495749835209
10 0.484 0.5521841703714977 0.108 0.03262832561958316
6 0.579 0.5526314765394568 0.091 0.037529422512796826
1 0.654 0.5511951393036352 0.076 0.0354421550656325