0 0.1675 0.34255096104392835 0.312 0.07463044868235442
3 0.5425 0.3176874409930216 0.373 0.0783402479439685
9 0.8855 0.5111962746531256 0.146 0.061698863806486315
7 0.572 0.4938441774156836 0.252 0.06293228547420926
2 0.579 0.45076272504139997 0.253 0.0689439215276784
4 0.441 0.6293685004201336 0.448 0.08821295195414995
10 0.5075 0.5930947028644395 0.138 0.0586057753787336
6 0.629 0.6001809223679457 0.121 0.055407962469759243
1 0.733 0.6059707728071609 0.111 0.05629160193506823
8 0.477 0.4039496024952466 0.481 0.08959694171862975
5 0.885 0.4352020926798601 0.163 0.08389667671546079