0 0.5166503797376508 0.37506561273076683 0.2936632924672722 0.041409363666441774
0 0.2182438519452103 0.41254479271802313 0.2375061968829183 0.03175774467217309
8 0.4736278633736311 0.43157759908340654 0.35757601714263126 0.037154071088463185
5 0.786610408308703 0.4269355143475831 0.12675056779191346 0.044466142737104745
2 0.5749944197371236 0.451402357683029 0.24059347220755944 0.036792652832580305
7 0.5434831615551137 0.4797747113940397 0.17854110701277479 0.03307121751749707
9 0.7865180716849702 0.4789471504010521 0.10966329246727219 0.039268329828130166
4 0.4771937579180791 0.5785659630299373 0.36954110701277476 0.03529370373009215
10 0.5087224711650171 0.5511936093189267 0.10555856207770307 0.033221785614253804
6 0.6017399262299454 0.5511114563463019 0.08862838233741605 0.03702397270527945
1 0.6747224711650172 0.5492620244430586 0.07459347220755945 0.0348610679567123