0 0.52 0.39157663376267315 0.298 0.04920160934860883
0 0.2165 0.4147790215569591 0.241 0.03820667064770043
8 0.475 0.44679115584090334 0.364 0.04535364363387123
5 0.793 0.45684186648807656 0.129 0.04825170337574013
2 0.5775 0.47258029999604567 0.245 0.04227649090741329
7 0.545 0.4995130103858786 0.182 0.03717682181693567
9 0.791 0.50980695635822 0.111 0.04293751220703211
4 0.4735 0.5957649732435111 0.375 0.044545649348081494
10 0.507 0.5698497179186063 0.108 0.035885147012247445
6 0.601 0.5744904940218587 0.091 0.03958841090846772
1 0.676 0.575799623891475 0.077 0.036344039999472895