0 0.495283406842026 0.3838943703309503 0.2933374341290355 0.05970462413460996
0 0.2019721529471399 0.4356897461963404 0.23726180234149302 0.04637882566519647
8 0.45594306379808514 0.44216747496832304 0.3563316162992245 0.059071147412700156
5 0.7665739649688317 0.4214739111246247 0.12830252715016968 0.05274468221580218
2 0.5573616141807317 0.456757984694135 0.2412967093203588 0.052402096984440275
7 0.5281899882013086 0.48608926762961735 0.17924434885206006 0.043041391536160975
9 0.7687772556484729 0.47248845569915204 0.11026180234149296 0.04563996127920507
4 0.46659947847549665 0.587234380011149 0.3683257984694135 0.05814096137043157
10 0.4967711044549198 0.5579089149054777 0.10722107753281637 0.03862250778977227
6 0.5887972846890691 0.5539441552480855 0.09024434885206006 0.04252360468298593
1 0.6613380094977458 0.5473659479093799 0.07622689536262715 0.039442155065632506