0 0.15958936792321973 0.3570487848259088 0.31917873584643947 0.0508791590289386
3 0.5350627472748601 0.3083554629871786 0.36683784311655426 0.05012932571080955
9 0.8830866587045991 0.47681340472353334 0.14185529818148257 0.04982031400334472
7 0.573077931172135 0.47911693196492944 0.24773311272698514 0.043437003963305985
2 0.5772935888341919 0.43809656956059106 0.2478203880516262 0.04843700396330587
4 0.45111676701725634 0.6208121626273387 0.44089020831133907 0.05355984511682027
10 0.5142975145494567 0.5814485482641539 0.13380293298669813 0.04677377136485711
6 0.6342975145494567 0.5807504086868394 0.1177854779217696 0.045680686087881894
1 0.7372975145494568 0.5801511722163109 0.10783784311655427 0.04862250778977227
8 0.4745092464962489 0.397698714946025 0.47287275324641087 0.05274601567077093
5 0.8773870610417513 0.40235412953221 0.15822185454497503 0.07091339928031994