0 0.17657987415741652 0.3595304913303553 0.33028507366073684 0.05283989764479793
3 0.5553093450712071 0.31744055559513834 0.364273438001115 0.05123552346274687
9 0.9042983761390695 0.49148990220237976 0.14028507366073678 0.05062904748567189
7 0.597301285053975 0.48841763378737085 0.24624434885206006 0.04486246915339484
2 0.6005569362019149 0.4464583599745126 0.24627343800111476 0.04986246915339484
4 0.4776157812275087 0.6270154893443461 0.4382967093203588 0.05609659141945895
10 0.5408888858648816 0.588754378739633 0.13326762017130386 0.04754759511138832
6 0.6598888858648815 0.5901390691024541 0.11626180234149297 0.04634978220241374
1 0.7618888858648816 0.5913259465563008 0.10627343800111476 0.04823342166772318
8 0.4958271319243821 0.4057423923869933 0.4702850736607368 0.05446894513046982
5 0.8978678567330588 0.4174200858815653 0.15640724808676693 0.0718152243411771