0 0.17129917145765614 0.3294237233754765 0.3207097992616142 0.06658562077702959
3 0.5534035456397072 0.30210028571051967 0.3777330713685524 0.06958055947793809
9 0.9090853056651607 0.49577065116264457 0.14663998294079966 0.05754843947951974
7 0.5919631271037352 0.47973739558039963 0.25560507478039246 0.05645104155669549
2 0.5969627768045646 0.4368333984375048 0.25566325504773796 0.061451041556695486
4 0.46509799261614165 0.6179944197371238 0.4537912516358978 0.07590714441248246
10 0.5311500045575819 0.5806551815548501 0.13860507478039244 0.054408798960093915
6 0.6537023667981928 0.5872934270085568 0.12158180267345414 0.05211206285631442
1 0.7597430929853347 0.5926436638909479 0.11061671083386136 0.054920057142103816
8 0.49043333637172126 0.3894831615551137 0.48679125163589776 0.07648316155511384
5 0.9041893295480411 0.41870083090293175 0.1638959761171195 0.07984517558329947