0 0.17306823849779462 0.3574897651432135 0.33231998063960255 0.05886316975173611
3 0.5543413431351674 0.3229289195416693 0.3663199806396026 0.059258795569684934
9 0.9033681900968009 0.5034782661489108 0.1423025271501697 0.05365231959260996
7 0.5933391009477461 0.49487108957349446 0.24727343800111476 0.049874105206863986
2 0.5975976610105915 0.4534234518141054 0.24730252715016968 0.05487410520686399
4 0.472147779291469 0.6324514910502662 0.44033743412903537 0.06311986352639724
10 0.5354267017586527 0.5951903804455531 0.13328507366073677 0.050547595111388316
6 0.65544124633318 0.5990867068618432 0.11727343800111475 0.04836141825588311
1 0.7584499730778965 0.6017852203691588 0.10829089149054766 0.051256693774661015
8 0.4938474943287205 0.4092191202800551 0.4723374341290355 0.063492217237408
5 0.8974289439460738 0.4279142678548308 0.15841888374638893 0.0738384964481154