0 0.5173124959910809 0.376 0.2963374341290355 0.058
0 0.21574268203334931 0.388 0.24027343800111492 0.047
8 0.46950415101110016 0.429 0.3603374341290355 0.058
5 0.7833819765850701 0.45 0.1293083449799806 0.053
2 0.5683412517763934 0.457 0.2432967093203588 0.051
7 0.535692897116214 0.4825 0.1812501666818712 0.043
9 0.7775823583498058 0.5015 0.11126762017130386 0.046
4 0.4591518389437952 0.5755 0.3713316162992245 0.057
10 0.4932943757741636 0.551 0.10822689536262727 0.039
6 0.5867507420505815 0.5585 0.09124434885206029 0.042
1 0.6597274707313376 0.5625 0.07722689536262714 0.039