0 0.4877688622674986 0.3835 0.29931416280979156 0.054
0 0.18547506186204538 0.434 0.24225016668187108 0.043
8 0.44542561030865224 0.4425 0.3643025271501697 0.052
5 0.764027422330344 0.425 0.13029670932035878 0.051
2 0.5493296161167714 0.459 0.24527343800111498 0.047
7 0.5186550812224429 0.489 0.18223271319243828 0.04
9 0.7642190773503633 0.478 0.11226180234149297 0.045
4 0.45305875366681986 0.5915 0.3762967093203587 0.051
10 0.48522747073133765 0.5625 0.10922107753281636 0.038
6 0.5787478331356759 0.559 0.09223853102224916 0.041
1 0.6537769222847307 0.554 0.07822107753281625 0.038