0 0.492 0.38922493830678967 0.301 0.058502452094194496
0 0.189 0.435199214105657 0.243 0.045827560992987626
8 0.45 0.4477362240610881 0.365 0.0562471595162159
5 0.7695 0.4339539431444607 0.13 0.05251268695098099
2 0.554 0.4654463736218729 0.246 0.04986246915339484
7 0.5235 0.49509147399106584 0.183 0.04212939778484247
9 0.77 0.48695976117119516 0.113 0.04631487404200652
4 0.4585 0.5968351305155754 0.377 0.055386792157844866
10 0.4905 0.5682074842265861 0.11 0.03927996588159931
6 0.585 0.5653070912794145 0.092 0.04307051691915581
1 0.66 0.5611797952895958 0.078 0.03890761217058866