0 0.16998412197050397 0.34850140119668255 0.3253781589377121 0.06878171737745242
3 0.5506324766306833 0.3274289195416693 0.369389794597334 0.07129370373009215
9 0.8920299978815074 0.5209142678548307 0.1443316162992246 0.05867559169954825
7 0.581625992073388 0.50080127325268 0.2503199806396026 0.0579090133672712
2 0.5878645230956372 0.4598710895734945 0.2503490697886573 0.0629090133672712
4 0.45333767613400355 0.6348176764353717 0.4444305194060107 0.0791664077402736
10 0.5190442090922924 0.6000798379375967 0.13630834497998057 0.05458250327179553
6 0.6390093021134268 0.6074761643538868 0.11929670932035878 0.052384690362820945
1 0.7424773040494665 0.6141804958879372 0.10930834497998057 0.05426832982813039
8 0.48613796109675217 0.4116842121196479 0.4764363372358216 0.08053876145128425
5 0.8909721529471398 0.44489681377462714 0.1604596085550654 0.08086176855505346