0 0.5159042462380484 0.38147581994830365 0.29361671083386137 0.054704624134609955
0 0.21860787717375751 0.39724501557954445 0.23747707819223252 0.042378825665196476
8 0.47052677509864466 0.43470819977699965 0.3565934387269233 0.05307114741270016
5 0.7812071339274154 0.4520146359333013 0.12757016661998524 0.049738864385991295
2 0.5698234944621062 0.4607841649282843 0.24053525845957802 0.04739627915462927
7 0.5376260318523025 0.4865950854594282 0.1784538060852942 0.04003557370635008
9 0.7783005726543387 0.502994273528963 0.11051198635263973 0.04463996127920507
4 0.46571400285166187 0.5796703838832286 0.3685701666199851 0.051140961370431566
10 0.4989172834882002 0.5543652811818954 0.10641889792488712 0.03661668995996115
6 0.5904870998090147 0.5608976126095979 0.09047707819223251 0.04152360468298593
1 0.6635220079694221 0.5643223141857977 0.0764421700318253 0.038442155065632505