0 0.16576447653725315 0.3630109689321376 0.32950035029917063 0.04491406600780431
3 0.5443695513176455 0.30881182926359646 0.3634770781922325 0.04311187222137687
9 0.8944728746021848 0.4697639531701402 0.13954689451304694 0.0478086783437227
7 0.5864030582813703 0.4775558447519144 0.2454421700318253 0.03942536830368408
2 0.5898801364736027 0.43653839126248156 0.24550035029917058 0.044425368303684085
4 0.46775073868876027 0.6202365308397961 0.43750035029917056 0.04554239162738759
10 0.5312161808275236 0.5798700075617059 0.13251198635263972 0.044767953535046215
6 0.6492394529344617 0.5771835036440133 0.1155003502991708 0.04366905042825988
1 0.7522510889879309 0.575584267173485 0.10552362240610887 0.045610872130150255
8 0.48633394255889706 0.39814344556282094 0.4694770781922324 0.04372856218133802
5 0.887333942558897 0.3958104958086278 0.1557796155824285 0.06790176362069815