0 0.1767663683092301 0.36197608857026115 0.32783784311655445 0.05370780623152723
3 0.5504983454523885 0.3245130103858786 0.3618203880516262 0.05330127843908656
9 0.8989133412954009 0.49754373531857776 0.1398378431165545 0.05042625402502222
7 0.593922068827865 0.4927199405154714 0.24471565766205686 0.04525903584248499
2 0.596706411165808 0.4517810332427201 0.2448029329866981 0.05025903584248499
4 0.47784832285288725 0.6296515153214777 0.4348727532464109 0.05757549817884637
10 0.5396850303856149 0.5927424568794912 0.13180293298669812 0.04828661350559651
6 0.657685030385615 0.5948021545410208 0.11576802285684153 0.046007332466745085
1 0.758685030385615 0.5965651160987708 0.10582038805162619 0.048832781817463
8 0.49351693610114344 0.4104918890875779 0.4658552981814827 0.05711660519162115
5 0.8906303940231769 0.42392154986408026 0.15520439948004697 0.07168807999894557