0 0.16730127843908654 0.3619366705995638 0.3227680228568416 0.045873341199127594
3 0.5473587049329628 0.3101532637575378 0.37375056779191346 0.04517005051948627
9 0.9112911558409034 0.4802535003192927 0.1438378431165545 0.04883194966296662
7 0.5953958862304727 0.4844150660990308 0.2516807475322005 0.040460275282549786
2 0.5976453184385594 0.4414325195884637 0.2517680228568415 0.04546027528254979
4 0.4779443257099924 0.6297169265217161 0.44976802285684153 0.046612205585119
10 0.5412286680479355 0.5890892676296173 0.13578547792176981 0.0457854070244789
6 0.6631937579180791 0.5877990428665539 0.11876802285684153 0.04468650391769279
1 0.7681588477882226 0.5864099149967041 0.10880293298669813 0.04662832561958317
8 0.4899645709063588 0.40181001179869147 0.48175056779191333 0.04579837613906943
5 0.9019645709063588 0.40420695768080506 0.16020439948004697 0.06992503493994195