0 0.5011132078421551 0.3711179749713777 0.2955585305665161 0.051432635773379955
0 0.1998397605856316 0.3981204270655722 0.2394421700318252 0.04078101677911127
8 0.45447904292809 0.42615323343095557 0.3605352584595779 0.05018897924887051
5 0.7688626823933992 0.4324936946149285 0.1275585305665161 0.04947777879057378
2 0.5551939596180974 0.44947799203057803 0.24248871424570143 0.044815924939518484
7 0.5218797861744321 0.47686198179505784 0.18043053397835615 0.03909448962443526
9 0.7647576076130067 0.48453442080207026 0.11048871424570143 0.04327996588159931
4 0.44826854306813446 0.5732055956715665 0.3715119863526397 0.04831697583703044
10 0.4815710804583307 0.5468216059070867 0.107418897924887 0.0372450577211921
6 0.5755187182177198 0.5502278168809928 0.09045380608529421 0.04004724481221774
1 0.6495012641375163 0.5508667489242804 0.07643053397835592 0.037884340063650594