0 0.5155 0.3869983855633132 0.291 0.0663860915595036
0 0.2185 0.390542477682995 0.236 0.05174610861870406
8 0.467 0.43743403697006256 0.354 0.06711916292805598
5 0.7755 0.46702375946527513 0.127 0.05547777879057367
2 0.5645 0.4680685521832983 0.24 0.05679265283258041
7 0.5315 0.49268456241881853 0.178 0.04707121751749708
9 0.77 0.5184597611711952 0.11 0.04827996588159931
4 0.455 0.5817944043284335 0.366 0.06625879556968493
10 0.4895 0.558195848173117 0.106 0.04123342166772295
6 0.581 0.5682605470655383 0.09 0.04304724481221774
1 0.654 0.5741099789687814 0.077 0.039895976117119515