0 0.16298187978308282 0.3793713581806918 0.32596375956616563 0.05870780623152712
3 0.5346819281840764 0.32186464233398876 0.36131416280979145 0.06030127843908656
9 0.8873150715422441 0.47703500778611363 0.1402967093203588 0.05344370908995052
7 0.5827190773503633 0.4882199405154714 0.24426180234149297 0.04925903584248499
2 0.5844576083726125 0.44724612311286377 0.24429089149054767 0.05425903584248499
4 0.47087549202777484 0.6312824283084392 0.4343316162992244 0.06457549817884638
10 0.531614023050024 0.5913384597365964 0.13128507366073677 0.051286613505596504
6 0.6491518389437951 0.586889429865662 0.11526762017130386 0.04800733246674509
1 0.7501838370077555 0.5831523914234119 0.106285073660737 0.05085023688239107
8 0.4801583235010905 0.41092206882786503 0.4653316162992245 0.06511660519162114
5 0.8782397731184438 0.40386918466929556 0.1554130659165778 0.07370553506387376