0 0.4985899357352169 0.3760736316050895 0.2945003502991706 0.04471044196442085
0 0.2006361296499226 0.41680443597384864 0.2373839897644798 0.034378825665196476
8 0.45493249871421365 0.43282379828696055 0.3584538060852943 0.041082783072322056
5 0.7690081330617627 0.4244969997263206 0.12752362240610887 0.04573886438599129
2 0.5567055956715665 0.45173037964624313 0.2414421700318253 0.03940209698444028
7 0.5248739681476975 0.4804136412852882 0.1793956258179487 0.035041391536160975
9 0.7679030582813703 0.47649990864122604 0.11046544213876336 0.040639961279205064
4 0.4577336349077273 0.5787976180528113 0.3694305339783562 0.03914677920024246
10 0.489541990324658 0.5521143564137663 0.10639562581794883 0.03461668995996115
6 0.5825478083513926 0.5510732982413473 0.0894421700318253 0.038517786853175036
1 0.6555768984850652 0.5481485966651476 0.07540726187141808 0.03543633723582161