0 0.17763101222152936 0.3325 0.3338377958497741 0.072
3 0.5598462792107074 0.314 0.3678610679567123 0.074
9 0.896088884837705 0.508 0.144686527154676 0.059
7 0.5868332419605558 0.487 0.248686527154676 0.059
2 0.5948161381795228 0.4455 0.2497447074220213 0.064
4 0.45629146487590205 0.6195 0.4419425203309959 0.081
10 0.5216929087205855 0.585 0.13563998294079965 0.055
6 0.6415940022660982 0.5935 0.11961671083386136 0.053
1 0.7440125498918146 0.6005 0.11063998294079966 0.055
8 0.49437466874603886 0.3975 0.47396579243793396 0.083
5 0.8954674068746209 0.4325 0.16193088427752672 0.08