0 0.1605 0.3781324134182119 0.321 0.05773517316357618
3 0.5315 0.3088154375811815 0.363 0.058223887409277725
9 0.887 0.4541788205729219 0.141 0.05264068353914092
7 0.5815 0.47423363490772724 0.245 0.047850833099925695
2 0.583 0.43321618082752367 0.245 0.05385083309992569
4 0.4695 0.6215368728962648 0.436 0.06307331931252089
10 0.53 0.5788328916613852 0.132 0.050535959057919175
6 0.649 0.5714482012985641 0.116 0.04834978220241373
1 0.7495 0.564778777924921 0.107 0.050245057721192095
8 0.4775 0.3989437844685121 0.468 0.06244567302353164
5 0.8765 0.3808009991343473 0.156 0.07381522434117721