0 0.4915433915213405 0.37722851747933395 0.29644217003182516 0.04144427182684899
0 0.1891361296499226 0.4157426056269976 0.24034908160407253 0.03279265283258041
8 0.44588013647360275 0.4347521398854428 0.3613839897644798 0.03720061530233954
5 0.7628917725270717 0.430063510935743 0.12751198635263972 0.045477778790573666
2 0.5486357793507519 0.4545536263781271 0.24339562581794894 0.036827560992987625
7 0.5162983338001484 0.4839259800891378 0.18036071765754172 0.03309448962443526
9 0.7612750616932104 0.48307514698921206 0.1104421700318253 0.03927996588159931
4 0.44515800056017824 0.5827405038319737 0.37336071765754164 0.035340247943968735
10 0.4784721740038435 0.5553565140674939 0.10737235371101064 0.0332450577211921
6 0.5724605379503743 0.5552627250414001 0.08941889792488701 0.03703560875874837
1 0.6464721740038435 0.5534016570846877 0.07539562581794894 0.03487270401018145