0 0.509 0.3690772487842359 0.295 0.04643263577337996
0 0.2095 0.4105622467982267 0.238 0.03676938072564212
8 0.466 0.42607759908340653 0.36 0.04318897924887051
5 0.7805 0.41591806026737943 0.127 0.04747777879057378
2 0.567 0.444402357683029 0.242 0.04081592493951848
7 0.5365 0.47325725731383605 0.18 0.036094489624435254
9 0.7795 0.4679296963208485 0.11 0.04127996588159931
4 0.4695 0.5730368728962647 0.37 0.041305339783561296
10 0.501 0.5451703372119886 0.107 0.035245057721192095
6 0.595 0.5435765481858946 0.09 0.03904724481221774
1 0.668 0.5402271162826514 0.076 0.03588434006365037