0 0.16172388740927773 0.3620836918047745 0.31558180267345426 0.051832616390450996
3 0.5370199061743981 0.2993961877958553 0.37458180267345415 0.05217586834929727
9 0.9028991288096553 0.45877849774466756 0.14458180267345416 0.05083776749277763
7 0.5870329434245498 0.47211693196492943 0.25250035029917056 0.04446609311236079
2 0.5890325931253791 0.4291023873904021 0.25255853056651606 0.0494660931123608
4 0.4702550793379743 0.6208063447975277 0.45060507478039247 0.05461802341492989
10 0.5332663650922728 0.5784369126045319 0.13654689451304694 0.04779122485428979
6 0.6562198208783964 0.5737213195377846 0.11953525845957802 0.046692321747503686
1 0.7611732766645201 0.5691104474076342 0.10955853056651609 0.04863414344939406
8 0.4806020591470229 0.39273071300998524 0.4825934387269233 0.05380419396888044
5 0.8925147887460048 0.38283376712787165 0.160837795849774 0.07293085276975285