0 0.1575 0.3418326784213808 0.305 0.05854899630807085
3 0.53 0.3051671083386149 0.374 0.060351883997437655
9 0.885 0.48979790732013995 0.145 0.054687227753017285
7 0.57 0.48113255047737824 0.252 0.05093228547420926
2 0.5745 0.43818491271798915 0.252 0.05593228547420927
4 0.444 0.6211664077402737 0.45 0.06523622406108802
10 0.5095 0.5834285692424986 0.136 0.05158250327179553
6 0.6315 0.5868481677657269 0.119 0.04938469036282095
1 0.7375 0.5900815894334499 0.11 0.05127996588159931
8 0.469 0.39345730907700066 0.482 0.0656085777720989
5 0.8805 0.41224554507952904 0.161 0.0768734046085226