0 0.16617253896352113 0.3625 0.32783784311655445 0.048
3 0.5414667444177551 0.317 0.3618203880516262 0.047
9 0.8840342935098144 0.485 0.1398378431165545 0.048
7 0.5800255659773504 0.4855 0.24471565766205686 0.041
2 0.5842412236394072 0.4445 0.2448029329866981 0.046
4 0.4590993119523281 0.6245 0.4348727532464109 0.05
10 0.5212800594845286 0.5855 0.13180293298669812 0.046
6 0.6392800594845286 0.5855 0.11576802285684153 0.044
1 0.7412800594845286 0.5855 0.10582038805162619 0.047
8 0.4814481537690001 0.404 0.4658552981814826 0.049
5 0.8793346958469668 0.4105 0.15520439948004697 0.069