0 0.1705 0.34248394711647895 0.319 0.074711901056638
3 0.551 0.3269114654614657 0.373 0.0783402479439685
9 0.894 0.5289026318013618 0.146 0.061698863806486315
7 0.5805 0.5037547290388037 0.252 0.06293228547420938
2 0.5875 0.46133618141308724 0.253 0.0689439215276784
4 0.4485 0.6362187699808844 0.448 0.08821295195414995
10 0.5155 0.6014983855633131 0.138 0.0586057753787336
6 0.6365 0.6119063480330724 0.121 0.055407962469759243
1 0.741 0.6201223156205917 0.111 0.05629160193506846
8 0.485 0.41214348593250605 0.481 0.08959694171862975
5 0.8925 0.45238517772115805 0.163 0.08389667671546079