0 0.15727186254117806 0.3895982363793019 0.3104130659165778 0.07280352724139619
3 0.5207773470072469 0.3024805463281142 0.37143051940601074 0.07615841485986448
9 0.8915598451168204 0.43482794929806073 0.1463432519588464 0.059849403152399415
7 0.5817518335005819 0.46963147653945686 0.2513490697886573 0.061460275282549784
2 0.5810074846485218 0.4276343854543624 0.252378158937712 0.06646609311236079
4 0.47664777929146895 0.6242481664994182 0.44647706204449833 0.0845947520956861
10 0.5353830680350705 0.5784049145405717 0.13733161629922438 0.057797042684100915
6 0.6558103451624335 0.5652038660483516 0.12030834497998058 0.05369813957731458
1 0.759246349034513 0.5536017206629177 0.11131998063960259 0.05564577910901607
8 0.47133004083928765 0.397771437818662 0.4784828798743093 0.08578092264963676
5 0.8776205989660932 0.3594064900005086 0.16247124421468742 0.08194248842937475