0 0.4933496202623491 0.38681802673454235 0.2928378431165545 0.051397727612972746
0 0.19659032493797166 0.4268737549076933 0.23764583740234405 0.039757744672172975
8 0.45134595402897665 0.4438409485423099 0.3567680228568415 0.04814243503499415
5 0.7620554148081152 0.4354539431444607 0.1268203880516262 0.04846614273710463
2 0.5515404903927328 0.4625103719159529 0.24073311272698517 0.0447926528325803
7 0.5210517485747427 0.4901612903118803 0.17862838233741582 0.03807121751749708
9 0.7621652064967761 0.48646557919792976 0.10973311272698516 0.04326832982813016
4 0.454814969614385 0.5889107648631243 0.36875056779191334 0.04728206767662323
10 0.4863124389648393 0.560771482520666 0.10661092727248762 0.03623342166772318
6 0.5783298940297675 0.5608419994398218 0.08968074753220048 0.04003560875874837
1 0.6514084418219445 0.557191431343065 0.07564583740234411 0.037872704010181224