0 0.5052587955696849 0.36891473273528863 0.30363998294079964 0.056762802432719466
0 0.2008405982431392 0.4171402946429473 0.24450035029917064 0.044419550473873075
8 0.46394532272436095 0.42767038388322853 0.3686167108338616 0.05514096137043157
5 0.7852358737619174 0.41154081616745064 0.13160507478039243 0.052762135705235094
2 0.5681373176066008 0.44477543818356785 0.24855853056651608 0.049442821793116994
7 0.5379863992106734 0.4745979943743337 0.18447707819223252 0.04207048068521579
9 0.786864220649248 0.4655466339972616 0.11452362240610864 0.04566323259844887
4 0.47469073074472373 0.5777227443515272 0.3805934387269233 0.05321077532816298
10 0.5058532851941202 0.5489060059905722 0.1104421700318253 0.03863996127920518
6 0.6008067409802438 0.545458699822613 0.09348871424570143 0.04254105817241884
1 0.6762485607128985 0.5408979459733401 0.07845380608529422 0.03945379072525452