0 0.4960543768805457 0.38404425428236255 0.30004730389569306 0.06521906441353713
0 0.19701440545159768 0.4338077348038972 0.2438203880516262 0.05124158077755692
8 0.45610168077623875 0.44332859662030555 0.3650123937658367 0.06435364363387124
5 0.7736914867504256 0.4253793072674788 0.13192511844119553 0.05528661350559651
2 0.5603373241527697 0.45864392337284016 0.24689020831133893 0.055293945972341586
7 0.5308697036330804 0.4886202714249937 0.18376802285684152 0.04719427688186374
9 0.776099150126693 0.47740548986487114 0.1128203880516262 0.048954967271960415
4 0.4696763028531508 0.5910206023345159 0.3769949387009084 0.0635631044130098
10 0.5001701059702325 0.5625617093472908 0.10968074753220049 0.04090260207717574
6 0.5950653755806633 0.5582199405154714 0.09273311272698516 0.043605865973396024
1 0.6689606451910939 0.5535116153201596 0.07868074753220049 0.04036149506440097