0 0.4905550275748096 0.3762401535328031 0.2985119863526397 0.047467543933787285
0 0.18672340005094074 0.40827169576067024 0.24139562581794888 0.036804288886049336
8 0.44490340858054095 0.43276377593891185 0.3644538060852942 0.043235523462746867
5 0.7628510463399301 0.433563510935743 0.12953525845957803 0.04750105089751196
2 0.5471241432972829 0.4555710804583307 0.2454421700318253 0.040850833099925696
7 0.514304151826883 0.483449252196076 0.18239562581794894 0.03611776173137343
9 0.7602343355060686 0.4865867830426812 0.11147707819223251 0.04229160193506846
4 0.4416696366136473 0.5817812300191156 0.3754421700318253 0.04236352005090657
10 0.47547799203057806 0.5548914222279011 0.10839562581794883 0.035256693774661015
6 0.5694430838701707 0.5567976332018072 0.0914421700318253 0.03905888086568666
1 0.6444430838701708 0.5559249291916258 0.07740726187141808 0.03589597611711952