0 0.16246442629364996 0.3855 0.3249288525872999 0.059
3 0.53267320143936 0.314 0.3623490697886573 0.06
9 0.887838342861488 0.4575 0.14030834497998057 0.053
7 0.5842103506056469 0.4795 0.24529089149054767 0.05
2 0.5854488816278961 0.4385 0.2453199806396026 0.055
4 0.47485512962343646 0.6265 0.435378158937712 0.065
10 0.534108205220213 0.583 0.13229670932035878 0.051
6 0.6516547478587007 0.575 0.11627925583092588 0.048
1 0.7536983815822828 0.5675 0.10629089149054789 0.05
8 0.4796437789265631 0.405 0.4663781589377121 0.065
5 0.8772659533525932 0.384 0.15643051940601072 0.074