0 0.15759624112028842 0.395 0.30681452374283597 0.07
3 0.5191071765754163 0.31 0.3718610679567123 0.074
9 0.8916664077402736 0.444 0.146686527154676 0.059
7 0.5810562155314879 0.4775 0.25169816320814514 0.06
2 0.5795616832590519 0.435 0.2527563434754904 0.065
4 0.4768423497389924 0.631 0.446954156384465 0.082
10 0.5353187273328835 0.586 0.13766325504773794 0.057
6 0.65567327666452 0.5735 0.12061671083386136 0.053
1 0.7590394620496256 0.562 0.11163998294079966 0.055
8 0.47020678362824475 0.4045 0.4789657924379341 0.083
5 0.8762937037300923 0.369 0.16294252033099588 0.081