0 0.510204957498352 0.37013282701646544 0.30228507366073676 0.05427142960832168
0 0.2033474943287205 0.3999915319494282 0.2442210775328163 0.04225903584248499
8 0.463533664882671 0.4274532150680917 0.368273438001115 0.053423463893584086
5 0.7855947520956861 0.4323326841612056 0.13028507366073677 0.05126915844066832
2 0.5671762017130394 0.4501466158480212 0.24825598451168207 0.04832885610219796
7 0.5343391009477462 0.4787226329906524 0.18421525970300537 0.04021173194679204
9 0.7829030970756666 0.4853850493559903 0.11325016668187118 0.0449724223368886
4 0.46040633935431435 0.5775230353278046 0.3802559845116821 0.05063292467272276
10 0.49424925794941854 0.5499295631202451 0.10920944187319435 0.037902602077175745
6 0.5902754381835679 0.5527538768871363 0.09223271319243827 0.04160586597339602
1 0.6652841649282843 0.5529447470175199 0.07722107753281625 0.03934403999947267