0 0.16921147246489965 0.3826091413112737 0.32602984883076486 0.06278171737745254
3 0.5379634353225322 0.30680380152771236 0.36304730389569295 0.06421225135580858
9 0.8964682371397313 0.4461613664927182 0.14092511844119554 0.05462904748567189
7 0.5923347935032238 0.4707045447740545 0.24587275324641086 0.05285083309992569
2 0.592619135841167 0.42969290872058546 0.2459600285710519 0.0578508330999257
4 0.48640068804767184 0.6189670565754503 0.4361345792203341 0.07006168325905174
10 0.5456675753206868 0.5762688933673051 0.13289020831133916 0.05253595905791917
6 0.6630192072687969 0.5664016570846877 0.1168378431165545 0.04934978220241373
1 0.7638970218142994 0.5582264156843102 0.10687275324641086 0.05123342166772295
8 0.4870518462309999 0.39841469433483934 0.4671345792203342 0.07042240091659346
5 0.8831852898675074 0.37280099913434733 0.15729167480468823 0.07581522434117721