0 0.504 0.37513542905158137 0.297 0.046455907880318136
0 0.2015 0.40765533522597946 0.24 0.036792652832580305
8 0.459 0.4321590514576901 0.362 0.04321225135580858
5 0.776 0.4329704225079903 0.128 0.047489414844042815
2 0.5605 0.45347799203057804 0.244 0.04083919704645666
7 0.528 0.4813561637683233 0.181 0.0361061256779044
9 0.773 0.4860053306683975 0.111 0.04129160193506846
4 0.4575 0.5801765055378937 0.373 0.042340247943968734
10 0.49 0.5532983338001486 0.108 0.035256693774661015
6 0.584 0.5547045447740545 0.09 0.03904724481221774
1 0.659 0.5543318407638733 0.076 0.0358843400636506