0 0.4901364799490932 0.3663684703929964 0.29868652715467603 0.06420160934860883
0 0.1904964970082936 0.42658753480653344 0.24254689451304692 0.05122412571262862
8 0.44943831674094814 0.4270666729901251 0.3626748911012069 0.06431873350401475
5 0.765705945970737 0.39855087247280835 0.13061671083386137 0.05526915844066832
2 0.5522754119923811 0.43926880130251866 0.2455934387269233 0.05527649090741329
7 0.5219263303883084 0.4697924532503653 0.18250035029917058 0.04617682181693567
9 0.7666008711903447 0.450524689875416 0.11253525845957779 0.047954967271960414
4 0.4587336349077273 0.5733746672759147 0.37466325504773773 0.06352819428315343
10 0.48907108045833075 0.5438510153280682 0.10945380608529433 0.04090260207717574
6 0.5841350787524107 0.5366927841598874 0.09148871424570143 0.04358841090846772
1 0.6577107130999598 0.5289098368876635 0.07745380608529422 0.0403440399994729