0 0.1739853483131615 0.34052187091025565 0.3266981632081451 0.06379335343092157
3 0.5516129946021509 0.30412344269894165 0.3656981632081452 0.0642471595162159
9 0.8967191202800551 0.4811322763590456 0.1416283468873305 0.055640683539141034
7 0.5886027597453644 0.47471618082752365 0.2475934387269233 0.05387410520686399
2 0.5931256815531318 0.4336580005601782 0.2476516189942688 0.058874105206863876
4 0.46619108104389434 0.6126590514576901 0.4397679795289596 0.07110822747292832
10 0.5297663650922727 0.5754143440356688 0.1345934387269233 0.052559231164857466
6 0.648312909306149 0.5780354716995822 0.11757016661998523 0.05036141825588288
1 0.7513536354932909 0.5803369581922665 0.10758180267345414 0.051245057721192096
8 0.49110787717375753 0.3903390599872903 0.47175634347549045 0.07048058118393896
5 0.8918522342966082 0.4066788205729219 0.15887270401018122 0.0768384964481154