0 0.16318750952260475 0.3805371491662869 0.3263750190452095 0.055919883837615314
3 0.5378171890770348 0.31334964515736774 0.36462834688733053 0.05611769005118777
9 0.8935543269764683 0.46276977099995115 0.14160507478039244 0.05282031400334472
7 0.585868150120963 0.48055875366681994 0.24654689451304693 0.04843118613349497
2 0.58785104633993 0.4390500269221035 0.24660507478039245 0.05343118613349498
4 0.4721576502610076 0.6282103506056469 0.4386748911012069 0.06054820945719848
10 0.5341521825334437 0.5853525540722732 0.13357016661998522 0.04977377136485711
6 0.6522219988542581 0.5786660501545805 0.11654689451304694 0.047674868258071004
1 0.7552859971483381 0.572566813684052 0.10757016661998522 0.04962250778977227
8 0.483258308211348 0.4046608990522538 0.4706632550477378 0.05973438001114903
5 0.8839212129599152 0.3883308582129662 0.157837795849774 0.07291339928031994