0 0.16209373168945176 0.35991994882239897 0.32418746337890353 0.05383989764479793
3 0.5433158457163194 0.30338237532779294 0.37487275324641084 0.05435188399743765
9 0.9044881251979481 0.4696178987905398 0.14487275324641086 0.051675591699548135
7 0.5882873919512736 0.47744090589430904 0.25275056779191346 0.045932285474209265
2 0.592046687275651 0.43397581405471625 0.2528378431165545 0.05093228547420926
4 0.46820404234189744 0.6240736696116915 0.45090766337626725 0.057236224061088026
10 0.5324371550688826 0.5828125590069784 0.1368203880516262 0.04858250327179553
6 0.6545157028610595 0.5797321575302067 0.11980293298669813 0.04738469036282095
1 0.7590767955883083 0.577448125117726 0.10983784311655449 0.04926832982813039
8 0.48420997974292335 0.3947133022533205 0.48289020831133916 0.0566085777720989
5 0.8963321651974209 0.3925073562825835 0.16125676467483163 0.07386176855505346