0 0.4882877486441914 0.362 0.3067097992616142 0.061
0 0.18063031162318804 0.4185 0.24855853056651608 0.048
8 0.44656631332910807 0.424 0.37269816320814514 0.06
5 0.7708397605856316 0.4005 0.13462834688733075 0.054
2 0.552903408580541 0.438 0.25260507478039246 0.052
7 0.5215426909229993 0.469 0.18752362240610865 0.045
9 0.773211413698301 0.4545 0.11655853056651608 0.048
4 0.45630926925527626 0.575 0.384686527154676 0.059
10 0.4876525328326143 0.5455 0.11247707819223252 0.041
6 0.5847223491534288 0.5395 0.09450035029917057 0.043
1 0.6602921654742433 0.5335 0.07946544213876336 0.04