0 0.172 0.37650066672748433 0.332 0.05093151949723722
3 0.551 0.3202056242258364 0.366 0.050129325710809663
9 0.9065 0.48027386272363104 0.141 0.04982031400334472
7 0.598 0.4899790622269513 0.247 0.04343700396330587
2 0.6 0.44749069788657325 0.247 0.04843700396330587
4 0.4825 0.634307102883786 0.44 0.05355984511682027
10 0.5445 0.5931678083320652 0.133 0.04677377136485711
6 0.6635 0.5898601300795687 0.117 0.045680686087881894
1 0.7665 0.5869593665500973 0.107 0.04862250778977204
8 0.4945 0.4098769168415174 0.472 0.05274601567077093
5 0.8985 0.40522732008514334 0.157 0.07091339928031994