0 0.181954790816481 0.334952790634028 0.34036070544827923 0.06397806213572482
3 0.5722598935178139 0.29918092809284996 0.3753607054482791 0.06418168617910829
9 0.9248449187775571 0.48363596091429917 0.14531998063960258 0.055843585322588526
7 0.6092838315645421 0.4749714862196556 0.25330252715016965 0.05347191094217169
2 0.614039482712482 0.4329423970706008 0.2533316162992244 0.05847191094217169
4 0.48259541882317036 0.6152132595205524 0.451389794597334 0.06962384124474101
10 0.5483772502052595 0.5773292827530294 0.1373025271501697 0.05279704268410092
6 0.6704034304394088 0.5811195075160928 0.12029089149054789 0.050698139577314574
1 0.7749237928437472 0.584011544300848 0.11030252715016968 0.05263996127920518
8 0.5087747714560835 0.3880532692007511 0.483395612427145 0.07081001179869145
5 0.9195893886321014 0.407659232233543 0.16082122273579716 0.07794248842937475