0 0.16573695556231233 0.3825975052578046 0.32534325195884634 0.06278171737745254
3 0.53332679856064 0.3078154375811815 0.35934906978865727 0.06417734319540136
9 0.8881587482236066 0.44669627465312556 0.13930834497998057 0.054617411432202743
7 0.5857780137347312 0.47071618082752364 0.24329089149054767 0.052827560992987625
2 0.5875453005422929 0.43069290872058547 0.24331998063960258 0.05782756099298763
4 0.4791274168871307 0.6179670565754503 0.4323723411079012 0.06902677509864452
10 0.5388830680350706 0.5752688933673051 0.13229089149054765 0.05153595905791917
6 0.6553336164816774 0.5654132931381569 0.11527925583092588 0.049338146148944814
1 0.7552928916730006 0.5572496877912483 0.10529089149054789 0.051221785614253806
8 0.48235622107343695 0.3994146943348394 0.463378158937712 0.07038749275618625
5 0.8757369555623123 0.3743359072947545 0.15543051940601071 0.07580358828770818