0 0.16745647141949307 0.34550441683005195 0.33069816320814505 0.06383989764479793
3 0.5478288251305038 0.3090827165117998 0.3656981632081452 0.0642471595162159
9 0.8887110633991303 0.48709155017190375 0.14162834688733072 0.05564068353914092
7 0.5813390599872903 0.4796696366136473 0.2475934387269233 0.05387410520686387
2 0.5868161381795228 0.4386114563463019 0.2476516189942688 0.05887410520686399
4 0.4552507386887603 0.6176183252705483 0.4397679795289596 0.0711082274729281
10 0.5196754546403819 0.5803736178485269 0.1345934387269233 0.052559231164857466
6 0.6386289104265055 0.5829889274857059 0.11757016661998523 0.05036141825588288
1 0.7415881842393637 0.5852904139783901 0.10758180267345414 0.051245057721192096
8 0.4853281245321625 0.3957983338001485 0.47175634347549045 0.07048058118393896
5 0.8855837674093118 0.4121380943857801 0.15887270401018122 0.0768384964481154