0 0.49957829968174783 0.38 0.2914421700318253 0.038
0 0.20219430991726806 0.413 0.2363374455506035 0.029
8 0.4559266806874791 0.436 0.35537235371101067 0.032
5 0.7669383167409481 0.435 0.1255003502991706 0.043
2 0.5556823235646283 0.457 0.23939562581794893 0.034
7 0.524368150120963 0.484 0.1773490816040726 0.03
9 0.7653448780140248 0.486 0.1084421700318253 0.038
4 0.45523945293446183 0.581 0.3673490816040726 0.03
10 0.4875536263781271 0.554 0.10536071765754172 0.031
6 0.5795419903246579 0.555 0.08841889792488701 0.036
1 0.6525536263781271 0.554 0.07439562581794894 0.034