0 0.17399866654503138 0.34092790857263366 0.3283781589377121 0.0707252612964553
3 0.5511499301201163 0.3083473490946957 0.3623839767675231 0.07231873350401474
9 0.8865678137752785 0.48847371974635045 0.14132579846941348 0.0584611641548787
7 0.5821608990522539 0.47778878701699273 0.24531416280979146 0.05827649090741329
2 0.5883994300745029 0.4366840566274234 0.2453432519588464 0.06327649090741329
4 0.45589003660230226 0.6124793976654841 0.4354188837463888 0.07959295324377468
10 0.5205907517307802 0.576853545977614 0.13330834497998056 0.055321523635452875
6 0.6375558447519145 0.5808113033810125 0.11729089149054789 0.05204224259660145
1 0.7395267556028596 0.5840308867583344 0.10730252715016968 0.05386769194731914
8 0.4886612324159959 0.39342956312024513 0.4664247015761997 0.08113406025654944
5 0.8844983331812891 0.41451735740867107 0.1574479728954434 0.07974044519373023