0 0.5036700505194864 0.36716451918525406 0.2972792558309259 0.05145590788031813
0 0.20442894394607386 0.41514951719924487 0.2412210775328163 0.04080428888604933
8 0.46200457573361625 0.42515323343095557 0.362267620171304 0.05021225135580869
5 0.7789347617758848 0.4094646044812557 0.12827925583092586 0.04948941484404281
2 0.565112205585119 0.4424547199236399 0.24424434885206006 0.04483919704645666
7 0.5337809226496366 0.47182125560791605 0.18121525970300537 0.03910612567790429
9 0.7797431067558654 0.46245878645452126 0.11124434885206029 0.04329160193506846
4 0.4688627056307322 0.5725834171101412 0.37425598451168207 0.04835188399743765
10 0.5006998063960254 0.5442110633991304 0.10820944187319446 0.037256693774661016
6 0.5946881707364035 0.5411172743730365 0.09022689536262715 0.04004724481221774
1 0.6686648994171598 0.5362562064163242 0.07621525970300536 0.03788434006365037