0 0.4705 0.36352523684279564 0.306 0.06956063236153989
0 0.1645 0.4290858692043356 0.248 0.05488574126033291
8 0.4305 0.42599067898155907 0.373 0.07034024794396851
5 0.7545 0.39272059765757567 0.134 0.05755923116485735
2 0.537 0.4372514392871016 0.252 0.059932285474209264
7 0.507 0.4696005208911741 0.187 0.050175941998718825
9 0.758 0.4466798714704338 0.116 0.051349782202413735
4 0.445 0.5768219562062572 0.384 0.06946824453212866
10 0.4755 0.5459670565754502 0.112 0.0433032379885376
6 0.572 0.5373441774156836 0.095 0.04610542507956302
1 0.6475 0.5289656553787677 0.08 0.042930884277526726