0 0.1625 0.3815546026557197 0.325 0.060890794688560505
3 0.532 0.3089049145405718 0.362 0.062106054391565746
9 0.888 0.4493337671278716 0.14 0.05381449617353382
7 0.584 0.4731023873904021 0.245 0.051425368303684084
2 0.5845 0.4320994784754966 0.245 0.05642536830368408
4 0.4755 0.6207336219248907 0.435 0.06753075596776557
10 0.5355 0.5783845521362334 0.132 0.051767953535046214
6 0.653 0.5692009571334461 0.116 0.048674868258071
1 0.754 0.5616133563225396 0.106 0.05061668995996115
8 0.48 0.40020744169074146 0.466 0.06771110869190511
5 0.8765 0.37690067217069767 0.156 0.07490758145050905