0 0.5157195020728794 0.3844874556079255 0.2933665232780902 0.06470462413460996
0 0.21676022688155616 0.38974792449444995 0.23828507366073676 0.05038464349500737
8 0.46802493813795454 0.43670819977699965 0.3563665232780902 0.06507114741270016
5 0.7781762017130395 0.4645117270183958 0.12831416280979147 0.054744682215802185
2 0.5661965641173777 0.4667783470984733 0.24131998063960258 0.05640209698444028
7 0.5328361920328407 0.49058344979980634 0.17926180234149297 0.04604139153616097
9 0.7729700021184926 0.5149797289544356 0.11127343800111475 0.04764577910901607
4 0.4573656145456376 0.5811412947341738 0.3683607054482793 0.06414096137043157
10 0.49122307771526924 0.5568391009477461 0.10723271319243827 0.04062250778977204
6 0.5827812560133789 0.5673714323754486 0.09125598451168207 0.044529422512796825
1 0.6558074362475281 0.5722961339516484 0.07723271319243827 0.04044797289544363