0 0.1677355234627468 0.3630487848259088 0.31863998294079965 0.05685006987988379
3 0.5467758993507179 0.3213409184126513 0.3746516189942688 0.05817586834929728
9 0.9038762070018876 0.49977558882976214 0.14561671083386135 0.053843585322588525
7 0.5878063906810732 0.495614023050024 0.25255853056651606 0.0494660931123608
2 0.5918176764353718 0.4535878428158747 0.25261671083386134 0.054466093112360794
4 0.4634645283004178 0.6388470696062044 0.45069816320814515 0.06261802341492989
10 0.5285165402418581 0.5999660017535868 0.13658180267345416 0.050791224854289795
6 0.6515398123487962 0.6012504086868392 0.11955853056651608 0.04869232174750368
1 0.7565630844557344 0.6026395365566889 0.11058180267345415 0.050639961279205184
8 0.4858115081094665 0.41070162386093045 0.48269816320814507 0.06280419396888055
5 0.8979744128580337 0.42230467797881693 0.16187270401018122 0.07593667059956374