0 0.501 0.38182966278801145 0.293 0.041409363666441774
0 0.202 0.4123504828007551 0.237 0.03175774467217309
8 0.457 0.4373176764353717 0.357 0.037154071088463296
5 0.771 0.43997139722466433 0.126 0.044466142737104745
2 0.558 0.45949291783574925 0.24 0.036792652832580416
7 0.527 0.4871322001782076 0.178 0.03307121751749707
9 0.769 0.4919481251177261 0.109 0.039268329828130166
4 0.458 0.5833293124888408 0.369 0.03529370373009215
10 0.49 0.5567016661998514 0.105 0.033221785614253804
6 0.584 0.5597954552259455 0.088 0.03702397270527945
1 0.657 0.5586448871291887 0.074 0.0348610679567123