0 0.17125150013683973 0.38896649303627534 0.33839561242714494 0.07193298607255065
3 0.5542802559221522 0.3124289195416693 0.37740143025695577 0.07338679215784487
9 0.9272188353453951 0.45876916748563784 0.14556232930920987 0.05971049985995546
7 0.6122721959049202 0.48359217458940706 0.25533161629922463 0.05996719363461659
2 0.6120249381379547 0.4410921745894071 0.2553607054482791 0.06496719363461659
4 0.5026739595256183 0.6373063906810732 0.4534363372358216 0.08027113222149547
10 0.5634092482692198 0.5925161899426874 0.1393141628097917 0.055617411432202744
6 0.6858481610562048 0.5834416064926503 0.12230252715016968 0.05341959852322839
1 0.7917928916730007 0.5751750281603732 0.11131416280979146 0.055291601935068456
8 0.502338767584004 0.4078180267345423 0.4864479728954436 0.08265512198597515
5 0.9141642326896754 0.38261208076380526 0.16446542638487655 0.08190831276892982