0 0.17039685452333964 0.36250357564238983 0.3272792558309259 0.049902430348182404
3 0.5451615657797381 0.3191823529065925 0.361273438001115 0.049100236561754856
9 0.8896841703714976 0.4891924131062777 0.13927925583092587 0.048808678343722815
7 0.5856870792864031 0.4869237928437472 0.24423853102224916 0.04241955047387307
2 0.5894256103086523 0.44594415524808556 0.24426762017130385 0.04741955047387307
4 0.46637840094268035 0.6252343800111491 0.4342908914905478 0.052524938137954676
10 0.5280994784754967 0.5875921765445228 0.13126762017130386 0.046762135705235096
6 0.6460994784754966 0.5882786804622154 0.11525598451168208 0.04466905042825988
1 0.7480994784754966 0.5888720991029329 0.10527343800111476 0.04761087213015026
8 0.486155414586185 0.40584200986265173 0.4652850736607368 0.051705290862094216
5 0.8841175986924138 0.4146575061274119 0.1544014302569558 0.06989594579088713