0 0.4888496202623492 0.381 0.2940123937658366 0.058
0 0.19391577428868945 0.4345 0.23778547792176977 0.045
8 0.44881977143158425 0.44 0.35699493870090837 0.057
5 0.7597212379249334 0.417 0.12890766337626747 0.052
2 0.5500754005225892 0.454 0.24189020831133917 0.051
7 0.520569203639671 0.483 0.17973311272698517 0.042
9 0.7613310296135942 0.468 0.11078547792176982 0.045
4 0.4577975145494568 0.5845 0.3689774836359802 0.056
10 0.48830371143237516 0.5555 0.10766329246727219 0.038
6 0.5803822592245522 0.551 0.09073311272698492 0.042
1 0.6530044446790496 0.544 0.07668074753220049 0.039