0 0.156 0.3516847756588228 0.312 0.052630448682354426
3 0.5305 0.28732707363465054 0.374 0.05435188399743765
9 0.8945 0.4445915501719038 0.144 0.05167559169954825
7 0.5785 0.45976854306813447 0.252 0.045932285474209265
2 0.5805 0.41674527096119635 0.252 0.05093228547420938
4 0.461 0.609135779350752 0.45 0.05723622406108825
10 0.5245 0.5663968899554651 0.136 0.04858250327179553
6 0.646 0.5609831094589712 0.119 0.04738469036282095
1 0.751 0.5557613238447174 0.109 0.04926832982813039
8 0.473 0.37999614670912296 0.482 0.05660857777209878
5 0.885 0.3682020926798601 0.16 0.07386176855505357