0 0.1615742331508665 0.3609024947421954 0.323148466301733 0.05980498948439072
3 0.5415964543602927 0.29884164914065114 0.3746516189942688 0.060351883997437655
9 0.9062928660725846 0.45810626273707067 0.1456167108338616 0.054687227753017285
7 0.5905950531636102 0.47143508786757443 0.25255853056651606 0.05093228547420926
2 0.5935954034627807 0.4284641780012472 0.25261671083386134 0.05593228547420927
4 0.47384964514324746 0.6200969417186297 0.45069816320814515 0.06523622406108825
10 0.5368499954424181 0.5778241950604476 0.13658180267345416 0.05158250327179553
6 0.6589198117632326 0.5732437935836758 0.11955853056651608 0.04938469036282095
1 0.7634896280840471 0.5684597611711951 0.11058180267345415 0.05127996588159931
8 0.4845143013876678 0.39119003014638243 0.4826981632081452 0.06560857777209879
5 0.8961830241629696 0.3814782661489107 0.16187270401018122 0.0768734046085226