0 0.16245279063402804 0.39490249474219535 0.3249055812680561 0.06980498948439072
3 0.532167383609549 0.32121365255249124 0.3643839767675231 0.07023552346274686
9 0.8918616141807317 0.4639084498280962 0.14232579846941348 0.057652319592609955
7 0.5872103506056469 0.4863652715467599 0.2463141628097917 0.05686246915339484
2 0.5874488816278961 0.44536527154676 0.24634906978865728 0.06286246915339484
4 0.4793376761340036 0.6351202138255679 0.43742470157619984 0.07808495536599003
10 0.5385936606456856 0.5918067409802439 0.13430834497998057 0.05455923116485747
6 0.6561547478587006 0.5826739772628614 0.11829670932035878 0.052373054309352025
1 0.7582012904971883 0.575860854716708 0.10830252715016968 0.05325669377466102
8 0.48112632543713024 0.4136260318523024 0.4694247015761997 0.07845730907700067
5 0.879289224671837 0.3902571811329981 0.15845379072525453 0.07983849644811539