0 0.16330386060513832 0.3969366705995638 0.3224072480867669 0.0718733411991276
3 0.5283151629010181 0.31506308739546796 0.3624188837463887 0.07410605439156574
9 0.8900772986062532 0.44816332395722286 0.1413374341290355 0.05882031400334472
7 0.5867605602452983 0.4778976126095979 0.2453374341290355 0.059425368303684084
2 0.5860220292230491 0.43689470369469247 0.2463665232780902 0.06443118613349498
4 0.48463614363184704 0.6277983761390695 0.43546542638487656 0.08253075596776557
10 0.542380159120165 0.5841358102681049 0.13331998063960238 0.05577377136485711
6 0.6598074362475281 0.5723194052708923 0.11730252715016969 0.052680686087881894
1 0.760246349034513 0.5624040971668932 0.10831416280979148 0.05462832561958317
8 0.47985331215853144 0.4072780137347312 0.46647124421468733 0.08371110869190511
5 0.8761525970300534 0.37508478325477496 0.1584596085550654 0.07991921711013095