0 0.158 0.3588384964481154 0.316 0.053676992896230784
3 0.5325 0.3026961984722876 0.372 0.05232861189049959
9 0.8945 0.46740844982809626 0.143 0.051663955646079104
7 0.5805 0.47525472903880367 0.251 0.044920649420740234
2 0.5825 0.43327800114574183 0.251 0.05092064942074023
4 0.464 0.6218991288096553 0.447 0.05720131590068081
10 0.5265 0.5806263821514731 0.136 0.04858250327179553
6 0.6485 0.5780459806747015 0.119 0.04738469036282095
1 0.752 0.5752503122087517 0.108 0.04925669377466124
8 0.476 0.3940387614512843 0.48 0.0555853056651606
5 0.886 0.391309543373609 0.159 0.07285013250158442