0 0.1735742983325738 0.32997897086817735 0.3363548876184683 0.06295479081648102
3 0.5627721045461462 0.29371583507171567 0.3753607054482793 0.06418168617910829
9 0.9126870792864031 0.4781737768080704 0.14531998063960258 0.055843585322588526
7 0.5977481664994182 0.46950639319852133 0.25330252715016965 0.05347191094217169
2 0.6034954242663837 0.4269743951345611 0.2533316162992246 0.05847191094217169
4 0.4684365792407899 0.6097539843292291 0.451389794597334 0.06962384124474079
10 0.5346547478587007 0.5718700075617059 0.1373025271501697 0.05279704268410069
6 0.6566285676245514 0.5756602323247695 0.12029089149054789 0.050698139577314574
1 0.762608205220213 0.5785435423648082 0.11030252715016968 0.05263996127920518
8 0.4987601355227822 0.38208526726471137 0.4833956124271449 0.07081001179869145
5 0.9101350521818468 0.40119123029750325 0.1624479728954434 0.07794248842937475