0 0.1644558433738947 0.3975836918047745 0.3161345792203341 0.06683261639045099
3 0.5330768932445655 0.31643109477472103 0.3721869444151189 0.07015841485986447
9 0.9030380573994441 0.455293042319195 0.14599493870090827 0.05784358532258852
7 0.5930180716849702 0.4845994784754966 0.25196002857105193 0.056460275282549786
2 0.592284958957985 0.4425994784754966 0.25204730389569296 0.061460275282549784
4 0.4871886966189875 0.6382307130099852 0.447291674804688 0.07659475209568609
10 0.5463944911647536 0.592381643221328 0.1379425735061236 0.05479704268410069
6 0.6667199405154713 0.5816805947291078 0.12089020831133894 0.051698139577314575
1 0.7700541173986534 0.5715784493436741 0.11092511844119554 0.05363996127920518
8 0.48323512441274624 0.41173071300998526 0.4793091298696163 0.07778092264963664
5 0.889737655062292 0.38086285627692645 0.16237895012932926 0.07993667059956386