0 0.16051387784704307 0.3713792226352572 0.32102775569408615 0.06475844527051436
3 0.5357721045461462 0.303254378739633 0.3733548876184682 0.06534024794396862
9 0.9019139746490303 0.4550248103627871 0.14431998063960258 0.05667559169954825
7 0.5887888913080948 0.4728827256269636 0.2522967093203588 0.05393228547420938
2 0.589533240160155 0.4308885436536981 0.2523316162992244 0.059932285474209264
4 0.4754016722619241 0.6240736696116915 0.448389794597334 0.07221295195414995
10 0.5376605656885116 0.5802951049267748 0.1373025271501697 0.053594139325264675
6 0.6582100172419048 0.5731972493697994 0.12029089149054789 0.05139632641629032
1 0.7632536509654869 0.5669190349840534 0.10930252715016968 0.053268329828130165
8 0.4822281374588219 0.39613766790577154 0.481389794597334 0.07259694171862975
5 0.8903503118848521 0.3798851777211581 0.1614421550656325 0.0778734046085226