0 0.18405690753009152 0.34596442629364993 0.3301520342852624 0.06791406600780431
3 0.5621118033744219 0.3182623777102033 0.3651520342852623 0.06811769005118777
9 0.9033759005159986 0.5032959512341004 0.1429774836359802 0.056826131833155616
7 0.5975878919446831 0.48857329824134726 0.24694257350612384 0.05543118613349497
2 0.6023809618150903 0.448041300177387 0.24704730389569296 0.06143118613349498
4 0.4739181431126001 0.6228063447975276 0.43827421973975994 0.07554239162738759
10 0.5382984883076485 0.5869281858598155 0.13492511844119554 0.05377958919466801
6 0.6559119462296819 0.5927445908570282 0.11889020831133916 0.05168650391769279
1 0.758016676619251 0.5981511722163109 0.10890766337626746 0.052628325619583166
8 0.5005954838933204 0.4036289009882935 0.4702742197397599 0.07572856218133803
5 0.9000754981788465 0.4288075868937224 0.15936149506440098 0.07891921711013095