0 0.5034793932272607 0.3914554575439653 0.30363998294079964 0.056762802432719466
0 0.1957757622915516 0.40716647487709656 0.24450035029917064 0.044419550473873186
8 0.4548452283131955 0.44567620171303945 0.3686167108338615 0.05514096137043157
5 0.7761648694844246 0.46304663399726154 0.13160507478039243 0.052762135705235094
2 0.5570310548695302 0.4732725292686624 0.24855853056651608 0.049442821793116994
7 0.5232226994525995 0.4995776319699954 0.18447707819223252 0.04207048068521579
9 0.770536522597094 0.5170175448482068 0.11452362240610864 0.04566323259844876
4 0.44610563831956734 0.5951354769043629 0.3805934387269233 0.05321077532816298
10 0.4808965396562945 0.5703361920328407 0.11044217003182519 0.03863996127920518
6 0.57682672333548 0.5768947036946924 0.09348871424570143 0.04254105817241884
1 0.6512918151750727 0.5803281320156086 0.07845380608529422 0.03945379072525452