0 0.17870643332907413 0.3604847886979883 0.33263998294079966 0.056931519497237106
3 0.5602468092170452 0.3187623777102033 0.36663998294079964 0.05712932571080967
9 0.9092947546276041 0.4927435907658019 0.14260507478039244 0.05282613183315561
7 0.6002423923869933 0.490041300177387 0.24754689451304693 0.048437003963306094
2 0.6037653141947608 0.44901802885814324 0.24760507478039245 0.05343700396330598
4 0.4788539857924615 0.6292568932441345 0.440674891101207 0.06055984511682027
10 0.5424176337873708 0.5913845521362334 0.13357016661998522 0.04977377136485711
6 0.662440905894309 0.5926864125589189 0.11754689451304694 0.047680686087881896
1 0.7654583599745126 0.5935871760883904 0.10858180267345414 0.050628325619583164
8 0.49977078192232477 0.4071201742435771 0.47267489110120686 0.06074601567077093
5 0.9039336866708918 0.41876977099995116 0.158837795849774 0.07291921711013094