0 0.17015259703005348 0.3690226045917595 0.3363607054482792 0.06395479081648102
3 0.5512278954538538 0.29380310251888 0.3733548876184682 0.06317005051948626
9 0.9190889342658752 0.43966795897825944 0.14431998063960236 0.05583776749277763
7 0.6062198354366217 0.4639889397090884 0.2522967093203588 0.05246609311236079
2 0.6064754865845615 0.42198603079418295 0.2523316162992244 0.0584660931123608
4 0.4945983277380759 0.6156434455628209 0.448389794597334 0.06960638775530788
10 0.5563423432263939 0.5712827401145416 0.1373025271501697 0.05279704268410069
6 0.6767928916730007 0.5620816916223216 0.12029089149054789 0.050698139577314574
1 0.7817492579494185 0.5539708194921712 0.10930252715016968 0.05263414344939406
8 0.4977747714560835 0.38811726532867163 0.481389794597334 0.06979837613906954
5 0.9066496881151479 0.36423777293599086 0.1614421550656325 0.07693667059956374