0 0.4967717711824041 0.3800969029243333 0.29725016668187115 0.044727895453853764
0 0.1941001452029809 0.41135679644214723 0.24019780621357245 0.03539627915462938
8 0.45044597271299064 0.43636452309563717 0.36222689536262714 0.04110605439156575
5 0.7674197924788414 0.4390202710455644 0.12826762017130386 0.046744682215802184
2 0.5528121626273387 0.4587681955400143 0.24422107753281624 0.03941955047387319
7 0.5201463544777264 0.48745727500887037 0.18119780621357245 0.03505302719578299
9 0.7651114474988607 0.4920319067051863 0.11123271319243827 0.040645779109016074
4 0.4480849339009692 0.5843732498403537 0.37322107753281625 0.040170050519486265
10 0.48173910639095957 0.5576783525416866 0.10819780621357244 0.034628325619583164
6 0.5757216529015267 0.5601314765394568 0.09022107753281625 0.038523604682985935
1 0.6497216529015266 0.559700957133446 0.07620362404338357 0.0354421550656325