0 0.1755742983325738 0.331 0.33041888374638884 0.072
3 0.5596877460138874 0.3115 0.37343051940601074 0.074
9 0.9030416335411292 0.5085 0.14634906978865728 0.06
7 0.5886667168820647 0.487 0.2523490697886573 0.06
2 0.5964081568192193 0.4455 0.2533839767675231 0.066
4 0.4563813098575858 0.622 0.44848287987430935 0.083
10 0.5230878428158746 0.5865 0.1383316162992246 0.057
6 0.6450354823475761 0.5955 0.12131416280979147 0.054
1 0.7484947575388994 0.6025 0.11131998063960259 0.055
8 0.49369323047995617 0.3965 0.4814886977041202 0.084
5 0.9019866975216674 0.432 0.16347706204449833 0.082