0 0.163216593157974 0.38381026545344304 0.3223141628097916 0.05962053090688607
3 0.5343384342202618 0.3252948220742759 0.3633141628097917 0.060336188568943044
9 0.8907140176068107 0.48200009765625723 0.1412967093203588 0.05346116415487859
7 0.5853041939688804 0.4921675753206868 0.24526180234149297 0.04927649090741329
2 0.5865656629466313 0.4511937579180791 0.2452967093203588 0.05527649090741329
4 0.4741535971212799 0.6362126080487265 0.43633743412903536 0.06561040830870297
10 0.5344092482692198 0.5952686394768836 0.13228507366073677 0.0513040685705248
6 0.6533743412903541 0.5913457922033415 0.11627343800111498 0.04902478753167316
1 0.7548423432263939 0.5876174812935555 0.10728507366073677 0.050867691947319146
8 0.48085912998834235 0.4138522485681521 0.4683316162992244 0.06516897038640582
5 0.8807776803709889 0.40683427453943916 0.15641888374638893 0.07472299012880194