0 0.16248027376741836 0.36602260459175956 0.3249605475348367 0.043896612518371514
3 0.5365016545476115 0.3118467362424622 0.3607156576620569 0.04309441873194396
9 0.8816739340292402 0.4718221314682497 0.13880293298669813 0.04680286051391181
7 0.5765866587045991 0.4785965695605911 0.2436458374023441 0.03841373264406207
2 0.580302316366656 0.4375791160711583 0.24373311272698517 0.043413732644062064
4 0.4581254945497204 0.620271437818662 0.43373311272698517 0.044519120308143555
10 0.520806242081921 0.5809107323703827 0.13076802285684153 0.0447563178754242
6 0.6388411522117774 0.57822422845269 0.11473311272698515 0.04266323259844899
1 0.7398760623416337 0.5756366276417835 0.10478547792176983 0.045605054300339364
8 0.47796560883392836 0.40017835254168665 0.46471565766205697 0.043699473032283324
5 0.8749656088339284 0.3978686741067374 0.15415203428526228 0.06689012796107613