0 0.506 0.3874438218843434 0.299 0.05573953111347555
0 0.205 0.43669265511124583 0.242 0.04440791481425117
8 0.464 0.44769947303228325 0.364 0.054117690051187765
5 0.7825 0.4305524518270726 0.13 0.0517563178754242
2 0.568 0.4638045273326226 0.245 0.04842536830368408
7 0.5375 0.49312708352338847 0.182 0.041058845025593885
9 0.7835 0.48355826965688353 0.112 0.04565159693882697
4 0.473 0.5952518335005819 0.376 0.0531875040089194
10 0.5045 0.566935095139627 0.109 0.03863414344939429
6 0.5995 0.5634877889716676 0.092 0.04153524034260772
1 0.673 0.5589153994627729 0.078 0.03845379072525452