0 0.5075 0.37995254862905986 0.296 0.054722077624042756
0 0.206 0.3966984729410568 0.239 0.04339046132481826
8 0.4605 0.43367911062794495 0.36 0.05409441873194396
5 0.775 0.4510088181034904 0.128 0.0517446822158023
2 0.5615 0.4602667114388514 0.242 0.04840791481425117
7 0.528 0.4865718141401844 0.18 0.04104720936597198
9 0.7705 0.502482637869341 0.111 0.04464577910901608
4 0.454 0.5801412947341738 0.371 0.05215841485986448
10 0.487 0.5553332831179353 0.108 0.03862832561958317
6 0.581 0.561880159120165 0.091 0.04152942251279683
1 0.655 0.5648106785261757 0.077 0.0384479728954434