0 0.1665509610439283 0.36196067500954077 0.3331019220878566 0.0539213500190815
3 0.5500091839592747 0.30644055559513833 0.37458180267345415 0.05435188399743765
9 0.9121415973774865 0.4711760790578852 0.14458180267345416 0.05167559169954825
7 0.5960077827625921 0.47899908616165443 0.2525003502991708 0.045932285474209265
2 0.5999964970082935 0.4370398123487962 0.25255853056651606 0.05093228547420926
4 0.4767798288224329 0.6261318498790369 0.45060507478039247 0.057236224061088026
10 0.5407743610948691 0.5843707392743238 0.13654689451304694 0.0485825032717953
6 0.6628209053087453 0.5817903377975522 0.11953525845957802 0.047384690362821176
1 0.7678674495226218 0.579012123411806 0.10955853056651609 0.04926832982813039
8 0.49243866704011885 0.39778311857413506 0.4825934387269233 0.05660857777209878
5 0.9045201194144025 0.395577172603398 0.160837795849774 0.07386176855505357