0 0.5013496202623491 0.3780445424560347 0.29575056779191333 0.044716259794231744
0 0.20034342337943079 0.40879280031422677 0.2385934722075594 0.03538464349500737
8 0.4553634090939048 0.43480634479752767 0.3606807475322005 0.04109441873194396
5 0.770302316366656 0.43647372840707677 0.12780293298669812 0.04673886438599129
2 0.5564881251979482 0.45571583507171565 0.2426632924672722 0.03940791481425117
7 0.5235081109124221 0.4834049145405718 0.18059347220755945 0.03504720936597187
9 0.7673771979254604 0.4894853640666986 0.11069820259712879 0.040639961279205064
4 0.45131496961438505 0.5808150715422441 0.37064583740234414 0.03915259703005358
10 0.4852775288349828 0.5541201742435772 0.10759347220755944 0.03462250778977204
6 0.5782338911726622 0.5560791160711583 0.09066329246727219 0.038523604682985935
1 0.6522251636401981 0.5561485966651476 0.07661092727248751 0.0354421550656325