0 0.15886933807764128 0.3763988547057926 0.309686527154676 0.060797709411585174
3 0.5255315422278672 0.3065369071613187 0.37170979926161407 0.06315841485986448
9 0.8932420420878228 0.4556662328721284 0.14462834688733073 0.05483776749277763
7 0.581003853290877 0.4763481610562048 0.2515934387269233 0.05246027528254979
2 0.5815151390451755 0.43435397888601573 0.2516516189942688 0.05746027528254979
4 0.47176089736470883 0.6267023819471887 0.4467679795289596 0.06859475209568609
10 0.5317489110120691 0.5830543606507516 0.13660507478039244 0.052791224854289796
6 0.6526500045575819 0.5752583180578772 0.11957016661998524 0.04969232174750368
1 0.7560627341565637 0.5683604634433111 0.10960507478039244 0.05263414344939429
8 0.4731253312539611 0.40022565326643256 0.4787796155824287 0.06978092264963663
5 0.8803751561043758 0.38109641891439683 0.16088434006365038 0.07693085276975285