0 0.5024100642647831 0.38479475462760415 0.2945585305665161 0.051420999719910924
0 0.20492786864415735 0.42582721069381696 0.23843053397835615 0.03976938072564212
8 0.46107913733925543 0.44180604038190263 0.35852362240610886 0.04916570714193233
5 0.7744395046976265 0.4334539431444607 0.12754689451304693 0.04847777879057378
2 0.5627827682749644 0.4604870998090147 0.24148871424570142 0.044804288886049336
7 0.533120213825568 0.4891380182049421 0.17943053397835615 0.03908285357096611
9 0.775044579478019 0.48545394314446066 0.11048871424570143 0.04327996588159931
4 0.46877800114574175 0.5878758567027171 0.3705119863526397 0.048305339783561295
10 0.49946382770207653 0.5612365743602588 0.106418897924887 0.03723342166772295
6 0.5934347375684038 0.5598303633863527 0.08945380608529421 0.04003560875874859
1 0.6663940113812621 0.5571797952895958 0.07543053397835592 0.037872704010181224