0 0.5171597520560315 0.3638971836399345 0.2986167108338614 0.058201609348608824
0 0.2139503030935879 0.3871860683131845 0.24150035029917064 0.047206670647700434
8 0.47003722319543534 0.41820884415909665 0.36260507478039244 0.058318733504014744
5 0.7863568643666646 0.4281843161093158 0.1295934387269233 0.05325170337574014
2 0.5702172317250356 0.44395461013381077 0.24454689451304693 0.051259035842485104
7 0.5364146943348393 0.4705393548089061 0.18146544213876337 0.04315936675200737
9 0.7807401535328031 0.48127159143395687 0.11251198635263972 0.04595496727196041
4 0.46131508728201087 0.5663310296135942 0.37458180267345426 0.05652819428315343
10 0.4951118066454725 0.5402462849384989 0.1094421700318253 0.03990260207717574
6 0.5885419903246579 0.5446142363677106 0.09147707819223251 0.042588410908467725
1 0.6635070821642507 0.5463051064980943 0.0774421700318253 0.03934403999947267