0 0.5299391543984558 0.378442730434343 0.3016981632081452 0.06175116677309757
0 0.22408460506681938 0.39272298635649533 0.24454689451304698 0.04841955047387307
8 0.4825675012857864 0.4327219862652688 0.3656748911012069 0.060123507880998656
5 0.8023118584086372 0.45186318964066857 0.13161671083386137 0.053762135705235095
2 0.5838933107829207 0.46013438545436236 0.2475934387269233 0.05243700396330587
7 0.5507016661998515 0.48682928275302934 0.1845119863526397 0.04507048068521578
9 0.7969285692424987 0.5048980966195343 0.11354689451304693 0.047657414768637975
4 0.4747954552259454 0.5812772556484729 0.37766325504773784 0.0591933218387303
10 0.5095103719159528 0.5565736316050895 0.11045380608529422 0.03963996127920518
6 0.604097642316971 0.5635238466879541 0.09250035029917057 0.04353524034260772
1 0.6781441865308473 0.5670933272819435 0.07845380608529422 0.03945379072525452