0 0.531716593157974 0.37483870968811966 0.30137815893771197 0.06850245209419449
0 0.22476022688155614 0.3859109781031287 0.24429670932035868 0.05383919704645666
8 0.4820249381379546 0.4284205123615739 0.3653781589377121 0.0692471595162159
5 0.8011820195428504 0.45170861130493584 0.1313199806396026 0.056524323004450025
2 0.5831994730322834 0.4572452709611964 0.24731998063960237 0.057874105206863875
7 0.5488507366073682 0.4836467148058798 0.18427343800111476 0.049141033838311615
9 0.7949874556079255 0.504284245652485 0.11428507366073677 0.05032651009547567
4 0.4708888858648815 0.5770601450032029 0.3773723411079012 0.06838679215784486
10 0.5062492579494186 0.5526470651050504 0.11023853102224916 0.04227996588159931
6 0.6008045273326227 0.5610474580522218 0.09326180234149296 0.046082152972624954
1 0.6748336164816774 0.5651863900955097 0.07923271319243805 0.04091924822405781