0 0.5158234376649568 0.37946018392377584 0.2990298488307649 0.060733713283664656
0 0.21160524935335406 0.39372880418630624 0.2428203880516262 0.04840791481425117
8 0.4668895916912971 0.4332394397547017 0.3630123937658366 0.06010605439156575
5 0.7825230353278045 0.45240100553443985 0.13092511844119553 0.0537563178754242
2 0.5664008498733071 0.46065765677360615 0.24589020831133918 0.05242536830368408
7 0.5324470181851734 0.4868525540722732 0.18275056779191345 0.04405884502559388
9 0.776097916886609 0.5054330035984 0.11280293298669812 0.04665159693882697
4 0.4548062420819209 0.5812947091379058 0.3749949387009085 0.05917586834929716
10 0.48924261870512636 0.5560969029243333 0.10968074753220049 0.03963414344939429
6 0.5826117057181648 0.563052935837009 0.09173311272698516 0.04252942251279683
1 0.6575331579259878 0.5671165986011873 0.07768074753220049 0.03944797289544363