0 0.1714256374049803 0.3459346005092375 0.335047303895693 0.06388644185867429
3 0.5555016545476115 0.3084721740038435 0.37006475896062124 0.06529370373009226
9 0.8987811950683554 0.4889402814768057 0.1439425735061236 0.0556639556460791
7 0.5884819283150298 0.4810532760789565 0.2508902083113392 0.0539090133672712
2 0.5941888584446227 0.440495095811611 0.2509774836359802 0.0589090133672712
4 0.4605818568873999 0.6200136007893265 0.4451520342852623 0.0711664077402736
10 0.5252189667572797 0.5827688933673052 0.13589020831133894 0.052570867218326385
6 0.6461404189651029 0.5858609308975459 0.11885529818148256 0.05037305430935203
1 0.7490880537703182 0.5876624173902303 0.10889020831133917 0.052256693774661016
8 0.4919830638988565 0.3961936093189267 0.4771694893501906 0.07253876145128424
5 0.896116507535364 0.412486825690682 0.16032658493454438 0.07785013250158443