0 0.17445794173635468 0.35305376343729344 0.32834325195884634 0.06281662553785987
3 0.5506470212052108 0.3249289195416693 0.3623490697886573 0.06421225135580858
9 0.8885998118392388 0.5088735416676889 0.14030834497998057 0.05462904748567189
7 0.5836579901373483 0.4953245453596181 0.2452908914905479 0.05285083309992569
2 0.5893965211595975 0.4543885436536981 0.2453199806396026 0.0578508330999257
4 0.4598725831128693 0.6288933107829207 0.4353781589377121 0.07006168325905174
10 0.5240878428158746 0.5926380182049421 0.13229670932035878 0.05253595905791917
6 0.6420645714966309 0.5980110725142942 0.11627925583092588 0.04934978220241373
1 0.7430442090922925 0.6026863139146716 0.10629089149054789 0.05123342166772295
8 0.48865250567127955 0.4092133022533206 0.466378158937712 0.07042240091659346
5 0.886033240160155 0.4343386335072817 0.15643051940601072 0.07581522434117721