0 0.5196241971402585 0.3765154533069799 0.29483784311655425 0.04971044196442085
0 0.22003439116607168 0.4017608022502665 0.23864583740234405 0.038384643495007364
8 0.47507549817884637 0.43128016456337837 0.35878547792176985 0.04708278307232206
5 0.7877413212956645 0.4389620927474548 0.12782038805162618 0.04773886438599129
2 0.5755031472695877 0.4551983815822829 0.24173311272698517 0.04340209698444028
7 0.5429657064901855 0.4818903699660444 0.1796458374023441 0.03804139153616097
9 0.7861489846719317 0.4909766373219822 0.11073311272698516 0.042639961279205066
4 0.47312393765836624 0.5773063447975276 0.3707680228568415 0.04615259703005358
10 0.5056875610351608 0.5521143564137663 0.10662838233741581 0.03661668995996115
6 0.5987573812948737 0.5555732982413473 0.08968074753220048 0.03951778685317504
1 0.6717835638922659 0.5566485966651475 0.07564583740234411 0.03743633723582161