0 0.5055724816550132 0.389402083113391 0.2925585305665161 0.05309687895903949
0 0.20831067045195886 0.4067179288297103 0.23743053397835615 0.04113685038798758
8 0.4604441347676827 0.4426253327240853 0.3565119863526397 0.050214003114445405
5 0.770827774232992 0.45804513038429684 0.12654689451304693 0.04919933818095547
2 0.5591590514576901 0.46885338415197886 0.24048871424570165 0.046189215582772246
7 0.5268565140674939 0.4942948220742759 0.178418897924887 0.0391070015572227
9 0.7677343355060686 0.5090014927219764 0.10948871424570143 0.043902602077175744
4 0.4542569070146654 0.5875467849319083 0.36850035029917055 0.04942346389358408
10 0.4875536263781271 0.5626228020745394 0.10640726187141786 0.03685023688239107
6 0.5795070821642507 0.5682286680479355 0.08945380608529421 0.04055350077861135
1 0.6524896280840471 0.5710028877876954 0.07543053397835615 0.0383091298696163