0 0.1694583740234405 0.3681033232845392 0.3257680228568416 0.047781717377452536
3 0.5495158005173167 0.309669986912818 0.37375056779191346 0.04734024794396851
9 0.9134482514252572 0.4734693716104784 0.14383784311655426 0.0496639556460791
7 0.5975529818148266 0.4831463645067091 0.2516807475322005 0.04192064942074023
2 0.6008024140229132 0.44009982029283273 0.2517680228568415 0.04692064942074035
4 0.48010142129434635 0.6305426909229993 0.44976802285684164 0.04922458800761888
10 0.5433857636322895 0.5887979835009778 0.13578547792176981 0.04657086721832639
6 0.665350853502433 0.5853783849777495 0.11876802285684153 0.045373054309352026
1 0.7703159433725766 0.5821565993634956 0.10880293298669813 0.04725669377466102
8 0.49312166649071276 0.40234487801402485 0.48175056779191344 0.04859694171862975
5 0.9051216664907128 0.39755082398476194 0.16020439948004697 0.07085013250158442