0 0.517 0.3809921819877361 0.298 0.060733713283664656
0 0.2135 0.39675789333536104 0.242 0.04840791481425117
8 0.4685 0.4347743467335674 0.362 0.06010605439156586
5 0.7845 0.45443591251330556 0.13 0.0537563178754242
2 0.5695 0.4626867459226609 0.245 0.05242536830368408
7 0.5355 0.48938455213623344 0.182 0.04405884502559388
9 0.78 0.5069620927474547 0.112 0.04665159693882697
4 0.459 0.5828296161167715 0.374 0.05917586834929739
10 0.4935 0.5576289009882934 0.109 0.03963414344939429
6 0.5875 0.5650820249860637 0.091 0.04252942251279683
1 0.6615 0.5686515055800531 0.077 0.03944797289544363