0 0.505789224671837 0.38 0.29225016668187104 0.043
0 0.20912632543713022 0.408 0.23619198838376154 0.033
8 0.461466335117329 0.4355 0.35622107753281623 0.038
5 0.7724401548831796 0.44 0.12626180234149298 0.045
2 0.5608354339465825 0.458 0.24022107753281624 0.038
7 0.5296812614565921 0.4845 0.17719198838376155 0.033
9 0.770143445562821 0.491 0.10923271319243827 0.04
4 0.4591227497947404 0.5805 0.3672094418731944 0.036
10 0.49177692228473074 0.554 0.10619198838376155 0.033
6 0.5837623777102032 0.5565 0.08922107753281626 0.038
1 0.6567594687952978 0.557 0.07520362404338357 0.035