0 0.15556754909205944 0.3619221260250364 0.3111350981841189 0.05184425205007278
3 0.5292547529890705 0.30360963003395564 0.37283784311655427 0.050164232689675375
9 0.8884532150680917 0.46621568442552147 0.14387275324641086 0.05083194966296662
7 0.5732524818214172 0.4758830680350706 0.2517331127269852 0.04346027528254979
2 0.5774855945484023 0.4339034304394089 0.2518378431165545 0.04946027528254979
4 0.454169132212041 0.6232052908620942 0.44790766337626736 0.054600569925496986
10 0.5184022449390261 0.5815747230550898 0.1368203880516262 0.04779122485428979
6 0.6394720651987391 0.5782786804622154 0.11980293298669813 0.046692321747503686
1 0.7445418854584518 0.5748895525923658 0.10883784311655427 0.04862832561958316
8 0.47014888701567464 0.3952751048198257 0.4808727532464109 0.05279255830925854
5 0.8802798000026362 0.39016041504231735 0.16023930960990357 0.07192503493994196