0 0.5108809741311104 0.3765 0.2975585305665161 0.048
0 0.21089877851048464 0.421 0.2414421700318252 0.038
8 0.46856168325905184 0.435 0.3625352584595778 0.046
5 0.7864220506174228 0.423 0.1285585305665161 0.048
2 0.5727653141947607 0.4525 0.24448871424570165 0.042
7 0.5421027597453643 0.4815 0.18143053397835615 0.037
9 0.7870271253978152 0.475 0.11148871424570166 0.042
4 0.47778381917247637 0.583 0.3745119863526397 0.044
10 0.508446373621873 0.554 0.108418897924887 0.036
6 0.6024289195416693 0.5525 0.09045380608529421 0.039
1 0.6763765573010584 0.548 0.07643053397835615 0.037