0 0.166737655062292 0.38786176855505355 0.3210473038956931 0.06372353711010714
3 0.5339896179199245 0.32064965425841124 0.36504730389569295 0.06423552346274687
9 0.8944856922046596 0.4678153614003435 0.14192511844119554 0.05464068353914092
7 0.5893697036330804 0.4862605470655382 0.24687275324641086 0.05286246915339484
2 0.5896540459710233 0.4452721831190073 0.2469774836359802 0.05886246915339484
4 0.4824530532424566 0.6329863992106735 0.4381520342852623 0.07108495536599002
10 0.5417024854505432 0.5906845624188185 0.13389020831133894 0.05254759511138832
6 0.6600541173986533 0.583563434754905 0.1178552981814828 0.05036141825588288
1 0.7609319319441559 0.5777386761552825 0.10787275324641087 0.051245057721192096
8 0.4830693012959281 0.4105387614512843 0.4701345792203341 0.07045730907700068
5 0.8812027449324356 0.39417572875871454 0.1583091298696163 0.07682686039464624