0 0.17253210576704214 0.3440808189598304 0.330826159796305 0.0767601714263119
3 0.5537473727562202 0.3322311986974813 0.365837795849774 0.07837109869879942
9 0.8879899783832178 0.5321048280458265 0.143686527154676 0.061496074284735185
7 0.5812459715595377 0.5047461231128637 0.247686527154676 0.06331140103726966
2 0.5882172317250356 0.4643595810348971 0.2487447074220213 0.06832885610219797
4 0.4507041944748839 0.6349944197371238 0.4399425203309959 0.08866277350348764
10 0.5161056383195674 0.6016289989574577 0.13563998294079965 0.057356433765309245
6 0.6350125498918147 0.6117061516839157 0.11861671083386136 0.05505969766152975
1 0.737431097517531 0.620495295839058 0.1096283468873305 0.05590260207717574
8 0.4882757622915516 0.41460534700961127 0.4719541563844649 0.09022133558119048
5 0.8873685004201336 0.4565786454484342 0.16093088427752672 0.0827928103885148