0 0.1599440638893116 0.398 0.3198881277786232 0.07
3 0.52417320143936 0.314 0.3624188837463887 0.072
9 0.8839110657341248 0.445 0.1413374341290355 0.058
7 0.5807219862652688 0.4775 0.2453374341290355 0.058
2 0.580460517287518 0.4365 0.2463665232780902 0.063
4 0.47634640287872004 0.628 0.43546542638487656 0.08
10 0.535108205220213 0.583 0.1333199806396026 0.055
6 0.6526809280928499 0.5705 0.11730252715016969 0.052
1 0.7532361974760541 0.561 0.10831416280979148 0.054
8 0.47462923435203574 0.4075 0.46647124421468744 0.081
5 0.8703299494805138 0.373 0.15845960855506563 0.079