0 0.1621351435406206 0.36606914723024714 0.31925016668187106 0.0448558877096948
3 0.53782679856064 0.310881643221328 0.36924434885206003 0.044146779200242466
9 0.8957925583092585 0.4748046779788169 0.14227343800111475 0.047826131833155615
7 0.5838274652881243 0.48261984087983495 0.24922107753281625 0.039448639622927884
2 0.5865831164360642 0.4406023873904021 0.24925016668187094 0.04444863962292789
4 0.46567105061071284 0.6283121626273387 0.44425016668187106 0.0455831164360643
10 0.5284325195884637 0.5869456393492485 0.13426180234149296 0.045779589194668006
6 0.6494208839288417 0.5842416819421228 0.11725016668187117 0.04368068608788189
1 0.75340924826922 0.5816366276417835 0.10726762017130385 0.04662250778977205
8 0.48035622107343695 0.4022190773503634 0.4762443488520601 0.044769286990014735
5 0.8883562210734369 0.39984540278749353 0.1573956124271449 0.06891339928031993