0 0.5183402479439686 0.370009635477169 0.3014538060852942 0.040751166773097564
0 0.21274750981538654 0.40678989139932126 0.2433490816040726 0.03141373264406218
8 0.4740151390451755 0.428271437818662 0.36739562581794893 0.036135143540620675
5 0.7960035029917064 0.4253980966195343 0.12952362240610865 0.04575050004561319
2 0.5782711322214954 0.4496663835183226 0.24740726187141787 0.03643700396330587
7 0.5465969417186297 0.4778525540722732 0.1833607176575415 0.032064662855404776
9 0.7956202138255678 0.47840391444934527 0.11245380608529422 0.03965159693882697
4 0.47676054706553816 0.578265619988851 0.3793607176575417 0.03320495749835209
10 0.509446373621873 0.5510736316050894 0.10837235371101064 0.03262832561958316
6 0.605458009675342 0.5515151199432378 0.09143053397835592 0.037529422512796826
1 0.6804463736218729 0.5500787827074162 0.07640726187141786 0.0354421550656325