0 0.17044091895851227 0.369 0.32775056779191336 0.043
3 0.5495158005173167 0.316 0.36773311272698517 0.042
9 0.9073958862304727 0.481 0.1418203880516262 0.047
7 0.596500616620042 0.487 0.24866329246727217 0.038
2 0.5987675038930568 0.445 0.24875056779191346 0.043
4 0.48101414596970526 0.631 0.44275056779191346 0.043
10 0.5433159433725766 0.591 0.13376802285684153 0.044
6 0.6632810332427203 0.589 0.11675056779191345 0.043
1 0.7662461231128637 0.587 0.10680293298669813 0.046
8 0.49308675636085636 0.406 0.47473311272698515 0.042
5 0.8980867563608562 0.406 0.15718694441511888 0.068