0 0.17158278307232203 0.3589861221529569 0.32828507366073684 0.050908248177993304
3 0.548320980730829 0.31617944399168707 0.363273438001115 0.04911187222137676
9 0.8962983761390696 0.48619823093608866 0.14027925583092588 0.048814496173533825
7 0.590301285053975 0.48491797501393624 0.24523853102224916 0.04242536830368408
2 0.5935627540317259 0.4439383374182746 0.24527343800111498 0.04842536830368408
4 0.47161578122750875 0.6242227443515271 0.4362967093203587 0.053536573797576696
10 0.5338888858648816 0.5855863587147119 0.13226762017130386 0.04676795353504622
6 0.6528888858648815 0.5862786804622155 0.11626180234149297 0.045674868258071
1 0.7548888858648816 0.5868720991029329 0.10627343800111476 0.04761668995996115
8 0.4898271319243821 0.4028361920328407 0.4682850736607368 0.05172274435152713
5 0.8888649478181534 0.4116575061274119 0.15540724808676692 0.07090176362069815