0 0.154940418535972 0.3796731396053537 0.309880837071944 0.0586537207892926
3 0.5258230071037692 0.3098387096881197 0.37263998294079964 0.05932861189049959
9 0.8885310548695302 0.4595973681986383 0.14461671083386135 0.05467559169954825
7 0.5748332419605559 0.48024527096119635 0.25154689451304696 0.04992064942074023
2 0.5768335922597264 0.4372278168809927 0.2516167108338616 0.05592064942074035
4 0.45909946999366213 0.630571781056672 0.44769816320814504 0.06520131590068082
10 0.5215998202928329 0.5868503457415888 0.13658180267345416 0.05158250327179553
6 0.6431696366136473 0.5794365652450949 0.11955853056651608 0.04938469036282095
1 0.7472394529344617 0.5722264156843102 0.10958180267345415 0.05126832982813016
8 0.47024085413114436 0.4034728746021848 0.480686527154676 0.0645853056651606
5 0.8799095769064461 0.3842079107065946 0.16084943190324316 0.07486176855505346