0 0.4935 0.37312890098829354 0.298 0.05473371328366466
0 0.1935 0.42487424993158013 0.241 0.044402096984440274
8 0.4525 0.4328674320105427 0.362 0.054106054391565864
5 0.769 0.4135260888753753 0.129 0.05175050004561331
2 0.5555 0.4477681955400143 0.244 0.04841955047387319
7 0.525 0.47744563934924844 0.181 0.041053027195782875
9 0.77 0.4655202710455644 0.112 0.04465159693882697
4 0.461 0.5793179804571496 0.374 0.05217586834929739
10 0.492 0.5506376277330101 0.109 0.03863414344939429
6 0.5855 0.5460936606456857 0.091 0.04152942251279683
1 0.6595 0.540663141239675 0.077 0.038447972895443626