0 0.48749684730746423 0.387 0.30670979926161407 0.061
0 0.1753397605856316 0.4005 0.24855853056651608 0.048
8 0.4378568643666646 0.442 0.37269816320814514 0.06
5 0.7616066892170793 0.4635 0.13462834688733075 0.054
2 0.5405194188160611 0.471 0.25260507478039246 0.052
7 0.5052052453723959 0.498 0.18752362240610876 0.045
9 0.7564783423297486 0.5175 0.11655853056651608 0.048
4 0.4265940022660982 0.5935 0.3846865271546759 0.059
10 0.4613907216295599 0.568 0.11247707819223239 0.041
6 0.5583034512285419 0.5755 0.09450035029917057 0.043
1 0.6342510889879309 0.58 0.07946544213876336 0.04