0 0.5137937037300923 0.36603581571131827 0.2985119863526397 0.045733713283664656
0 0.21224750981538656 0.4067928003142267 0.24139562581794888 0.03540209698444028
8 0.4704627768045646 0.4237918002230003 0.3644538060852943 0.04111769005118777
5 0.7893871424570156 0.4154359125133055 0.12953525845957778 0.046750500045613305
2 0.5741896798472117 0.44268965483756645 0.2454421700318253 0.03942536830368408
7 0.5430329434245498 0.4723729164766115 0.18239562581794871 0.03505884502559388
9 0.7890038532908771 0.4684417303431165 0.11147707819223251 0.041645779109016075
4 0.4761965487714582 0.5727685289037565 0.3754421700318253 0.040181686179108056
10 0.5083649212475894 0.5440794494349004 0.10839562581794894 0.034628325619583164
6 0.6033707392743238 0.5440267556028595 0.0914421700318253 0.038529422512796827
1 0.6773300130871821 0.540096236196849 0.07740726187141808 0.03544797289544363