0 0.507340892729885 0.39047190337310383 0.3019600285710519 0.0602539745433935
0 0.20102670156117708 0.40313065350506927 0.2437505677919134 0.04724158077755692
8 0.4588895916912971 0.4441427877890135 0.36590766337626723 0.05837109869879942
5 0.7781103106524456 0.465719681033579 0.13089020831133893 0.05326915844066821
2 0.5599270324706994 0.47241447687922755 0.2468203880516262 0.05129394597234159
7 0.5259470181851734 0.4993297322041323 0.1836982025971288 0.043194276881863856
9 0.7721939197437142 0.518132405708938 0.11378547792176982 0.04697242233688848
4 0.4492887870169927 0.593020602334516 0.3778902083113392 0.057580559477938095
10 0.4842251636401982 0.5686228020745395 0.11066329246727219 0.03992005714210382
6 0.578629160783093 0.5757723057102561 0.09273311272698516 0.043605865973396024
1 0.6525767955883083 0.5800639805149442 0.07866329246727219 0.03936149506440097