0 0.1657427733921233 0.3883539031157636 0.327389794597334 0.07270780623152723
3 0.5432715291774359 0.31395191765862984 0.37540143025695577 0.07554564934808161
9 0.9161005699254969 0.4629452018119268 0.1463374341290355 0.060548439479519746
7 0.6012634691602038 0.4854468563595382 0.2533257984694135 0.06041613142683912
2 0.6010191203081436 0.4434468563595382 0.2533548876184682 0.065416131426839
4 0.49265941495109095 0.6375355267498984 0.4514363372358217 0.08287223428262609
10 0.5533947036946925 0.5931002857105198 0.13831416280979147 0.05640879896009392
6 0.6748336164816774 0.5847210760992981 0.12130252715016968 0.054112062856314425
1 0.7792812560133788 0.5775451303842969 0.11130834497998057 0.054937512207032115
8 0.4913300408392876 0.4090355267498984 0.4834421550656326 0.08443079636032906
5 0.9021642326896754 0.38770955843539584 0.16346542638487654 0.08284517558329947