0 0.16481831382089174 0.3779149958430123 0.3272792558309258 0.05370780623152723
3 0.5381586568648327 0.3259257350612375 0.3612734380011148 0.05330127843908656
9 0.887753984329229 0.48754373531857775 0.13927925583092587 0.05042625402502222
7 0.5826870792864031 0.4937199405154714 0.24423853102224916 0.04525903584248499
2 0.5854256103086523 0.45276357817779195 0.24426762017130385 0.0502590358424851
4 0.4683551296234365 0.6347387906461188 0.43429089149054767 0.05757549817884637
10 0.5300936606456856 0.594812277139204 0.13126762017130386 0.04828661350559651
6 0.6481169319649295 0.5928719748007338 0.11525598451168208 0.046007332466745085
1 0.7491343854543623 0.5916349363584837 0.10527343800111476 0.04883278181746278
8 0.4821350521818466 0.4149569789577214 0.4652850736607368 0.05711660519162115
5 0.8801757769905234 0.4149040947991521 0.1544014302569558 0.07168807999894557