0 0.5074910292807296 0.38452127113679085 0.30057016661998526 0.050745348943286556
0 0.20121176399747168 0.4103015270589432 0.2434421700318252 0.03941373264406207
8 0.45983941028646097 0.4407947091379058 0.3655352584595778 0.04812350788099866
5 0.7797172317250356 0.4494330035984001 0.12955853056651587 0.04875050004561331
2 0.5615485089497337 0.46520129049718834 0.2465003502991708 0.044431186133494976
7 0.5282401535328031 0.49189327888094986 0.18343053397835615 0.038064662855404774
9 0.775100520891174 0.5024562749176439 0.1125003502991708 0.04365159693882697
4 0.45360563831956735 0.589820889372055 0.3775119863526397 0.046193321838730296
10 0.48791399373649813 0.5631230831584826 0.109418897924887 0.03663414344939406
6 0.5828558134691526 0.5675703893264418 0.09146544213876337 0.04052942251279683
1 0.6568441774156836 0.5681398699204311 0.07743053397835616 0.037447972895443625