0 0.164478304140693 0.3475 0.3203490697886573 0.06
3 0.54117320143936 0.314 0.3673548876184682 0.061
9 0.8846056296690497 0.4975 0.14231416280979148 0.054
7 0.5751725347118757 0.486 0.2482967093203588 0.051
2 0.5814081568192193 0.4455 0.2483257984694135 0.056
4 0.4498725831128693 0.6235 0.441383976767523 0.066
10 0.5140907517307801 0.586 0.13429670932035878 0.051
6 0.63405875366682 0.5915 0.11828507366073678 0.049
1 0.737041300177387 0.5945 0.10829670932035879 0.051
8 0.47866705024580686 0.401 0.473389794597334 0.067
5 0.8810448758197769 0.422 0.15943633723582162 0.075