0 0.17439261018457947 0.380467361037797 0.3335701666199852 0.054812536621096454
3 0.5547002650031689 0.32761774077544786 0.3685585305665161 0.05442346389358409
9 0.9140503975047534 0.49285792648728566 0.14257016661998523 0.051478619219806884
7 0.6036842121196477 0.49893812882707406 0.24948871424570143 0.04634631116712615
2 0.6061896798472117 0.4564904940218588 0.24954689451304693 0.05134631116712626
4 0.4898830759261342 0.6429220688278651 0.4435934387269233 0.058732593763200384
10 0.5513885436536982 0.6015042828534145 0.134535258459578 0.048338978700381174
6 0.6713419994398219 0.5995988906448005 0.11752362240610864 0.047042242596601454
1 0.77530127325268 0.5979142173973353 0.10755853056651608 0.049867691947319145
8 0.4992591458688556 0.41763152960700356 0.4755818026734541 0.058291155840903344
5 0.9051776934945719 0.41771828596786 0.1578261597963051 0.07374044519373024