0 0.48701544337916713 0.3772423923869933 0.30285529818148266 0.05251408814766353
0 0.17858779428842583 0.3981584879185152 0.24466329246727225 0.04083919704645666
8 0.4390292322107229 0.4331954978739463 0.3688203880516262 0.05128206767662311
5 0.7608459540289766 0.4474423070909916 0.13085529818148278 0.05051268695098099
2 0.5416015831199815 0.458894011381262 0.24876802285684152 0.04688574126033302
7 0.5071128413019914 0.48649838556331315 0.1846458374023441 0.03914103383831161
9 0.7559295631202452 0.4998957628771152 0.11375056779191345 0.04431487404200652
4 0.43191097247149024 0.5831431356333354 0.3807680228568415 0.048421700318252076
10 0.4663648041596239 0.5575387614512842 0.10962838233741581 0.03726832982813039
6 0.5622862563674469 0.5631558225843164 0.09269820259712878 0.04107051691915581
1 0.6372600737700546 0.5655285265944977 0.07766329246727219 0.038895976117119514