0 0.5025782996817478 0.3888497179186063 0.2905003502991706 0.048061968829183115
0 0.20675249018461347 0.411691746232318 0.2343839897644798 0.037084485193202905
8 0.45694413476768275 0.44256423999683653 0.3544421700318253 0.04417909298458903
5 0.7668975905538064 0.451975310124584 0.12552362240610887 0.04718188311602717
2 0.5566823235646283 0.46680974648965834 0.23943053397835615 0.04117176051784395
7 0.5248623320942285 0.4937599119444194 0.1763839897644798 0.03607209142736633
9 0.764292515773414 0.5039403999947275 0.1084654421387636 0.041885147012247555
4 0.4537569070146654 0.5875380573994441 0.365418897924887 0.04237109869879942
10 0.48656526243159615 0.5616053470096113 0.1053839897644798 0.03483278181746277
6 0.5785361722979235 0.5657112129830073 0.08843053397835615 0.038536045713683055
1 0.6515303542711889 0.5674854327227672 0.07539562581794894 0.0353091298696163