0 0.5261584148598645 0.371 0.29931416280979145 0.054
0 0.2217689536262726 0.39 0.24225016668187108 0.043
8 0.4794754865845615 0.4255 0.3643025271501697 0.052
5 0.7970685718615368 0.4415 0.13029670932035878 0.051
2 0.5811354769043628 0.453 0.24527343800111476 0.047
7 0.546789649394353 0.4795 0.18223271319243828 0.04
9 0.793374007926612 0.494 0.11226180234149297 0.045
4 0.47334234322639385 0.5745 0.3762967093203588 0.051
10 0.50769689748112 0.5495 0.10922107753281625 0.038
6 0.6012288955450803 0.555 0.09223853102224916 0.041
1 0.6762463490345131 0.558 0.07822107753281625 0.038