0 0.17110023656175488 0.3629664930362753 0.33425016668187113 0.046886441858674285
3 0.5547918915817743 0.31443473756840384 0.36924434885206003 0.04629370373009226
9 0.9127576513303929 0.48458880865686704 0.14227343800111497 0.048652319592609954
7 0.6007925583092585 0.48695835997451264 0.24922107753281625 0.04089737731380205
2 0.6035482094571984 0.44499326813491985 0.24925016668187117 0.04589737731380205
4 0.48263032580203613 0.6295736696116916 0.44425016668187106 0.0481664077402736
10 0.5453976126095978 0.5903067409802438 0.13426180234149296 0.04655923116485747
6 0.6663859769499761 0.5897147034500031 0.11725016668187117 0.044361418255883106
1 0.7703743412903541 0.588924853010788 0.10726762017130385 0.0472450577211921
8 0.49731549626476024 0.40375984646719687 0.4762443488520601 0.047538761451284245
5 0.9043154962647603 0.40849572022911435 0.1573956124271449 0.06982686039464625