0 0.4997950425016479 0.3760794494349004 0.2942792558309259 0.04971044196442085
0 0.2025390579899659 0.42180734488875415 0.23821525970300536 0.038384643495007364
8 0.45846051728751797 0.4338179804571496 0.35826180234149296 0.04708278307232206
5 0.7710303312452494 0.41999990864122605 0.12727343800111476 0.04773886438599129
2 0.5598587052658263 0.45072747073133757 0.24124434885206006 0.04340209698444028
7 0.5286899882013085 0.4799078234554772 0.17921525970300536 0.03804139153616097
9 0.7717278040950798 0.471994090811415 0.11024434885206029 0.042639961279205184
4 0.463614023050024 0.5792830734782838 0.37025598451168207 0.04615259703005358
10 0.49477110445491973 0.5521027207541442 0.10620944187319446 0.03661668995996115
6 0.5877827401145417 0.5495616625817253 0.08922689536262715 0.03951778685317504
1 0.66080310251888 0.5456369610055257 0.07521525970300535 0.03743633723582161