0 0.177851533698267 0.3299876976128937 0.3287679795289596 0.0679082481779933
3 0.5615431782813363 0.30125365096548695 0.37179125163589766 0.07015841485986447
9 0.9082598464671969 0.4897494085956127 0.14566325504773794 0.05784358532258852
7 0.5960794876384261 0.4760645714966309 0.25163998294079964 0.056460275282549786
2 0.6015907733927245 0.43402966451776515 0.25169816320814514 0.061460275282549784
4 0.46916199091022154 0.6128121626273386 0.4468610679567123 0.07659475209568609
10 0.5342372749586 0.575931094774721 0.13762834688733075 0.05479704268410092
6 0.655312909306149 0.5817271373675954 0.1205934387269233 0.051698139577314575
1 0.759376907600229 0.5866220830672562 0.11061671083386136 0.05363996127920518
8 0.49805551493314665 0.38862890098829356 0.47887270401018134 0.07778092264963664
5 0.904381324430281 0.41426686208504565 0.16191924822405782 0.07993667059956375