0 0.5265 0.37169009168470657 0.303 0.04928888467324987
0 0.218 0.39580520415435144 0.245 0.038276490907413294
8 0.4805 0.42788715869800853 0.369 0.04644091895851227
5 0.8035 0.43852514466982284 0.131 0.04928661350559651
2 0.584 0.4536937579180791 0.249 0.04334631116712626
7 0.5515 0.480626468307912 0.185 0.038229187011720345
9 0.8015 0.49249023453996643 0.113 0.042972422336888486
4 0.479 0.5788609761006162 0.381 0.045650379737650834
10 0.512 0.5519369932432473 0.11 0.036920057142103814
6 0.608 0.5566126794763563 0.092 0.04060586597339602
1 0.684 0.5579392644109008 0.078 0.03736149506440097