0 0.5057659533525931 0.389911115162295 0.30025598451168206 0.04749081604072535
0 0.20103324016015495 0.4263679368809587 0.24219780621357245 0.036815924939518484
8 0.4614314281384632 0.44689912880965527 0.36522689536262726 0.043247159516215904
5 0.7814692440322344 0.44412266591976235 0.12926762017130386 0.04750105089751196
2 0.5648121626273387 0.46860346034370554 0.24622107753281625 0.040862469153394844
7 0.5331463544777264 0.4967369246594294 0.18319780621357246 0.03612939778484247
9 0.7801608990522537 0.4971110298662933 0.11223853102224916 0.042303237988537606
4 0.4640645714966309 0.595939854996797 0.37622107753281636 0.04237515610437595
10 0.49672456181643215 0.5688180267345424 0.10919780621357245 0.03526832982813039
6 0.5917274707313377 0.5694234518141055 0.09122689536262715 0.04005888086568666
1 0.666742015305865 0.5677961558242868 0.07720362404338357 0.03589597611711952