0 0.17021147246489965 0.3845 0.32602984883076486 0.059
3 0.5369808903874602 0.314 0.36004730389569295 0.06
9 0.8934769646721954 0.457 0.13992511844119554 0.053
7 0.5913347935032238 0.4775 0.24387275324641086 0.05
2 0.5926365909060952 0.4375 0.2439600285710519 0.055
4 0.4863832329827437 0.6235 0.43311712415540593 0.064
10 0.5456501202557585 0.5815 0.13287275324641087 0.05
6 0.6620017522038687 0.573 0.1158378431165545 0.048
1 0.7618795667493712 0.566 0.10587275324641086 0.05
8 0.4870693012959281 0.405 0.4641345792203341 0.065
5 0.8802114724648996 0.3845 0.156291674804688 0.074