0 0.4945 0.35562308315848257 0.306 0.05778025592215238
0 0.183 0.37593533714459515 0.247 0.04543700396330598
8 0.4455 0.41140815681921944 0.372 0.05516423268967537
5 0.771 0.42551445321575343 0.133 0.052773771364857114
2 0.549 0.4383060114337855 0.251 0.04946027528254979
7 0.5145 0.46550672656226344 0.186 0.04308211634483769
9 0.766 0.47954354236480823 0.115 0.04666905042825988
4 0.4385 0.5634488816278961 0.384 0.05423404664740678
10 0.474 0.5367423486696071 0.112 0.03965159693882697
6 0.5695 0.542186745922661 0.094 0.042546876002229964
1 0.6455 0.5447445908570282 0.079 0.03945960855506564