0 0.1715 0.3414935436351893 0.323 0.07063798597181425
3 0.552 0.32163519584037614 0.371 0.07447582908836875
9 0.897 0.5181571932406112 0.145 0.05953098441459156
7 0.584 0.49719375791807907 0.251 0.05938122129698263
2 0.591 0.45531594337257664 0.251 0.06438122129698264
4 0.4555 0.6309507820748032 0.446 0.08178495895798506
10 0.522 0.5956115438925297 0.137 0.05639134389516585
6 0.643 0.6042236067488439 0.12 0.053094607791385896
1 0.7465 0.6115302059689145 0.11 0.054920057142103816
8 0.488 0.40751807168497023 0.478 0.0833435210356879
5 0.894 0.44310482804582646 0.161 0.08181026545344298