0 0.512834429917234 0.3665830668109704 0.30057016661998526 0.05249081604072535
0 0.21086387035007736 0.4156029729853685 0.2434421700318252 0.04082756099298763
8 0.4705267750986446 0.42658341711014114 0.3655352584595779 0.0502471595162159
5 0.7903755064035465 0.409859880000034 0.12955853056651587 0.04950105089751196
2 0.5757304060343535 0.4428616314958872 0.24650035029917058 0.04586246915339484
7 0.544067851584957 0.4722339852068979 0.18343053397835615 0.039129397784842465
9 0.7914922172374079 0.4628540619732994 0.1125003502991708 0.04430323798853749
4 0.47876054706553817 0.5755077827625921 0.3775119863526397 0.04838679215784487
10 0.5104231015149348 0.5461354290515812 0.109418897924887 0.03726832982813039
6 0.6053940113812621 0.5425300039720182 0.09146544213876359 0.04105888086568666
1 0.6798532851941201 0.5381631179885714 0.07743053397835616 0.03789597611711952